Catalog of Fluxes for Abell 2218 using /data/mercado/SPIRE/hermes_clusters/a2218_PSW_nr_1.fits 
Mean percent error of XID flux with HeDam Flux is: 113.47734263724601 
Source Num     Pixel x          Pixel y     HeDam Flux         XID flux     DAO flux     Peak Flux 
 0              160.12197       20.15929       0.01522          0.01454        0.03144        0.02252  
1              148.66072       20.99151       0.00881          0.00532        0.02222        0.01259  
2              165.72576       23.52626       0.01522          0.00384        0.00812        0.02252  
3              158.16677       24.89741       0.00157          0.01486        0.01083        0.01249  
4              148.41551       25.73149       0.00000          0.00644        0.01340        0.01259  
5              90.89756       28.64315       0.01293          0.00379        0.00885        0.04251  
6              160.84386       28.92017       0.01522          0.01221        0.01141        0.01249  
7              176.92995       28.40636       0.00000          0.00226        0.00751        0.01555  
8              98.94763       31.13733       0.00000          0.00396        0.01065        0.01537  
9              157.18643       30.95659       0.00157          0.00440        0.00486        0.01249  
10              108.94332       33.27115       0.00000          0.00737        0.03675        0.02977  
11              144.75870       33.29095       0.00000          0.02303        0.03230        0.02668  
12              88.72433       34.23095       0.01293          0.01321        0.00814        0.02151  
13              153.28454       35.93377       0.00881          0.01112        0.01316        0.01092  
14              170.82556       34.87450       0.00000          0.00220        0.00568        0.01249  
15              180.32673       34.83414       0.02734          0.00310        0.01385        0.02054  
16              72.65059       35.49760       0.02614          0.00329        0.00666        0.00984  
17              83.86434       37.42937       0.02795          0.01553        0.02230        0.02151  
18              156.45010       37.43604       0.00433          0.01699        0.01167        0.01029  
19              99.45514       38.03594       0.00000          0.01037        0.00841        0.00887  
20              148.16830       38.33154       0.00000          0.00616        0.01817        0.01399  
21              82.16368       38.51618       0.02795          0.01806        0.01970        0.01724  
22              90.93472       39.32319       0.01293          0.00607        0.01514        0.01266  
23              92.39397       38.71818       0.01293          0.00701        0.01080        0.01266  
24              153.76935       39.65411       0.00000          0.01717        0.00978        0.01092  
25              167.65111       39.66930       0.00195          0.00151        0.00847        0.02281  
26              110.17737       40.40845       0.00000          0.00456        0.00700        0.02977  
27              143.05375       41.99103       0.00000          0.00682        0.00582        0.03992  
28              77.55150       42.07562       0.02614          0.02361        0.03149        0.02584  
29              85.10192       42.52463       0.02795          0.01173        0.00470        0.01724  
30              147.19314       42.71134       0.00000          0.00882        0.00882        0.00868  
31              179.82131       42.57304       0.02734          0.01496        0.02322        0.02054  
32              102.88108       43.96640       0.01001          0.01987        0.00527        0.00887  
33              158.87994       43.49826       0.01560          0.00499        0.01696        0.02281  
34              171.05310       43.93499       0.00826          0.00176        0.00842        0.02054  
35              143.29744       45.89105       0.04477          0.02497        0.04583        0.03992  
36              154.49584       45.65464       0.00472          0.00451        0.00659        0.02281  
37              114.57407       47.23941       0.00000          0.00774        0.00911        0.00977  
38              136.72499       46.79277       0.00538          0.00506        0.02048        0.01515  
39              179.07826       48.03137       0.02734          0.00192        0.00770        0.02054  
40              121.14944       49.26816       0.00000          0.00373        0.01156        0.01027  
41              86.83384       49.83816       0.00000          0.01202        0.01219        0.00995  
42              134.05020       51.23431       0.00883          0.00257        0.00916        0.01515  
43              144.27111       50.87107       0.00000          0.00756        0.01447        0.01028  
44              195.61970       51.07840       0.01099          0.00970        0.02625        0.02415  
45              97.55033       52.38180       0.01682          0.00686        0.01768        0.01157  
46              190.50168       53.52197       0.00000          0.00239        0.00710        0.01032  
47              118.96744       54.43163       0.00000          0.01689        0.01056        0.01314  
48              160.08611       54.11957       0.00064          0.00668        0.01725        0.02252  
49              202.42221       54.10298       0.00855          0.00228        0.00713        0.01742  
50              154.00296       54.77437       0.00000          0.00377        0.01534        0.01195  
51              103.64234       55.60450       0.00357          0.00247        0.00605        0.01157  
52              115.80694       55.75716       0.01058          0.01139        0.01538        0.01314  
53              196.57677       55.82173       0.00000          0.01007        0.00758        0.00911  
54              221.14820       55.92625       0.00000          0.00974        0.01489        0.01812  
55              76.40003       56.96095       0.05945          0.00932        0.00528        0.03437  
56              88.32240       57.57276       0.00000          0.01279        0.01157        0.01055  
57              93.18808       57.73577       0.01756          0.00844        0.00467        0.01055  
58              109.24310       57.87072       0.00000          0.00198        0.00701        0.02977  
59              167.13632       57.90866       0.03429          0.04639        0.03148        0.02873  
60              209.94142       59.53373       0.00421          0.02011        0.01834        0.02837  
61              222.83905       58.27495       0.00000          0.00750        0.01093        0.01028  
62              130.40824       60.59718       0.00000          0.00167        0.00524        0.01163  
63              199.96794       59.85386       0.01721          0.00513        0.01997        0.01742  
64              75.20486       61.64638       0.05945          0.03685        0.02840        0.03437  
65              109.00716       61.05129       0.01444          0.00214        0.01799        0.02977  
66              120.19578       61.98971       0.00000          0.00512        0.00498        0.01314  
67              185.37128       61.12727       0.00000          0.00290        0.01373        0.00973  
68              191.45214       60.84498       0.00000          0.00761        0.01530        0.01337  
69              77.88333       62.41454       0.05945          0.04184        0.04357        0.04379  
70              86.87773       61.53816       0.00000          0.00428        0.00652        0.01055  
71              95.87750       62.04710       0.00000          0.01654        0.01760        0.01155  
72              101.95872       62.62911       0.00482          0.00245        0.00907        0.01155  
73              134.54448       63.41407       0.00000          0.00299        0.00868        0.01163  
74              205.55176       62.39542       0.00000          0.01104        0.01214        0.01266  
75              227.67391       63.76084       0.01467          0.00441        0.00821        0.01079  
76              92.48026       64.21823       0.01756          0.03012        0.02048        0.01912  
77              151.80817       64.73314       0.00588          0.00239        0.00443        0.02690  
78              178.07013       63.44922       0.00908          0.00310        0.00866        0.00976  
79              201.16646       64.53837       0.02232          0.01090        0.01495        0.02546  
80              106.82980       65.73648       0.00000          0.00490        0.01233        0.00866  
81              129.68285       65.09787       0.00510          0.00159        0.00617        0.01163  
82              142.32581       65.27123       0.06012          0.02340        0.04781        0.01117  
83              218.66977       65.21409       0.00000          0.00261        0.01296        0.01028  
84              116.06982       66.43675       0.07457          0.03918        0.07445        0.01314  
85              163.96418       65.46422       0.00615          0.00246        0.00780        0.02873  
86              169.06768       66.79177       0.00000          0.00794        0.00666        0.00976  
87              212.35102       64.58443       0.00000          0.01149        0.00508        0.02837  
88              173.44278       67.21960       0.00000          0.00741        0.01244        0.00976  
89              96.14144       68.64633       0.00000          0.02942        0.01219        0.01155  
90              134.79029       67.79394       0.00000          0.00739        0.01308        0.01163  
91              84.22855       68.14841       0.00670          0.00549        0.00891        0.04379  
92              92.49468       68.47822       0.00000          0.04033        0.01114        0.01912  
93              154.96582       69.11510       0.03725          0.01426        0.02791        0.02690  
94              207.46290       70.62338       0.00000          0.00698        0.00739        0.02546  
95              107.33022       71.61531       0.00000          0.03043        0.00873        0.00866  
96              139.40992       70.85186       0.00000          0.01170        0.01257        0.01147  
97              146.21506       70.97133       0.01608          0.02845        0.02191        0.01996  
98              179.75308       71.61313       0.00000          0.00377        0.01180        0.00903  
99              210.86079       71.71793       0.00000          0.01811        0.00881        0.00925  
100              163.22653       72.00330       0.00405          0.00302        0.00495        0.02690  
101              96.15616       73.32633       0.00000          0.03257        0.02245        0.01155  
102              186.06853       72.82928       0.04005          0.01159        0.04064        0.03771  
103              228.59950       72.22615       0.01467          0.02519        0.00642        0.01202  
104              113.65258       73.40141       0.00000          0.02254        0.01151        0.01314  
105              128.96217       73.91860       0.00936          0.00171        0.01521        0.01163  
106              174.88664       74.48250       0.00000          0.00804        0.01365        0.01859  
107              220.81495       73.74492       0.00000          0.01282        0.01679        0.01265  
108              79.63735       74.64721       0.02197          0.00254        0.02034        0.01797  
109              181.68840       75.21783       0.00000          0.01432        0.02528        0.01555  
110              190.92225       74.94348       0.02460          0.02220        0.02737        0.01337  
111              200.40077       74.31563       0.00000          0.00337        0.00518        0.00911  
112              210.59754       76.33685       0.00000          0.02628        0.01038        0.00925  
113              74.29533       75.45074       0.00000          0.00454        0.01532        0.01116  
114              145.72846       75.59128       0.02729          0.02144        0.01837        0.01996  
115              149.37273       76.19213       0.00000          0.01464        0.01070        0.01996  
116              93.98078       76.87336       0.00000          0.00726        0.00865        0.01155  
117              140.38366       77.45162       0.01532          0.01367        0.01115        0.01266  
118              159.08919       77.99867       0.00000          0.00803        0.00583        0.01029  
119              137.95435       77.57239       0.00000          0.00770        0.00736        0.01266  
120              212.04802       77.96328       0.00000          0.02437        0.02195        0.00925  
121              231.25312       75.66120       0.00128          0.02134        0.00492        0.01202  
122              80.14145       78.96515       0.00000          0.00339        0.00904        0.01797  
123              119.73832       80.11053       0.00000          0.00238        0.00598        0.01314  
124              129.93874       78.89769       0.00614          0.00217        0.01116        0.01266  
125              201.84523       77.86109       0.00000          0.00313        0.00776        0.00911  
126              100.54871       79.79322       0.03288          0.02001        0.02309        0.00887  
127              196.73766       79.58256       0.02046          0.00296        0.02275        0.00911  
128              220.54206       79.68366       0.00523          0.00343        0.00702        0.01265  
129              122.41219       81.54651       0.00693          0.00307        0.00491        0.01314  
130              183.13110       81.10151       0.01444          0.00268        0.01716        0.01055  
131              157.38506       82.13709       0.03023          0.02375        0.02716        0.01029  
132              162.24249       81.96213       0.02849          0.02540        0.02645        0.01050  
133              43.72487       82.22158       0.00580          0.01186        0.01716        0.01184  
134              57.33986       84.71801       0.00000          0.00587        0.01670        0.01514  
135              68.26415       84.11970       0.00000          0.00815        0.00640        0.02054  
136              113.91766       84.56095       0.00000          0.00297        0.00548        0.01314  
137              120.22758       82.32977       0.00000          0.00362        0.00700        0.01314  
138              135.28496       82.61370       0.00000          0.00454        0.01133        0.01266  
139              139.89911       82.37175       0.00000          0.01299        0.00590        0.01266  
140              145.24192       83.03125       0.00000          0.01393        0.01232        0.01996  
141              150.09879       83.21242       0.00000          0.00571        0.00526        0.01029  
142              175.84086       82.94452       0.00000          0.01055        0.01269        0.00901  
143              208.38325       82.86741       0.00000          0.00782        0.00488        0.01266  
144              212.52225       80.54545       0.00000          0.03255        0.00452        0.00925  
145              84.77479       83.56647       0.00000          0.01417        0.02101        0.01610  
146              100.07557       84.17461       0.04947          0.02505        0.05131        0.01063  
147              49.56921       84.70426       0.00580          0.00451        0.00914        0.01184  
148              169.28066       84.91221       0.00000          0.01109        0.00812        0.01136  
149              39.62217       86.02929       0.01388          0.00432        0.00671        0.01025  
150              88.42549       85.77272       0.00000          0.00656        0.00625        0.01610  
151              184.09011       85.84403       0.00493          0.00285        0.00489        0.01055  
152              206.66920       86.28030       0.00964          0.00364        0.01251        0.01266  
153              58.80721       86.56976       0.00000          0.02110        0.02058        0.02054  
154              75.31898       86.90626       0.00000          0.00490        0.01121        0.01558  
155              81.14436       86.52107       0.00000          0.01494        0.02058        0.01558  
156              115.13542       86.47860       0.00000          0.00524        0.00522        0.01314  
157              63.66939       87.74333       0.00000          0.02035        0.00955        0.02054  
158              129.70458       88.19793       0.00720          0.00196        0.00791        0.01515  
159              142.08565       88.85134       0.00000          0.00433        0.00507        0.01028  
160              155.43670       89.39552       0.00592          0.00208        0.00843        0.01029  
161              187.96609       88.91476       0.03414          0.00979        0.03214        0.02711  
162              200.83156       89.07740       0.01045          0.00210        0.00908        0.02546  
163              227.29069       89.31929       0.00128          0.00789        0.01793        0.01079  
164              116.11253       89.71679       0.00000          0.00566        0.01486        0.01314  
165              214.42031       90.27426       0.01085          0.00232        0.00883        0.01266  
166              68.05550       90.96086       0.00000          0.01471        0.00815        0.01179  
167              70.48097       90.58893       0.00000          0.00591        0.01182        0.01179  
168              167.57098       91.32949       0.00000          0.00210        0.00468        0.01136  
169              119.27108       91.51133       0.00000          0.00497        0.00756        0.01314  
170              144.27037       92.27122       0.01279          0.00437        0.01603        0.01028  
171              196.45127       92.18169       0.00000          0.00194        0.00863        0.02546  
172              205.18754       92.45434       0.01275          0.00313        0.00966        0.02546  
173              221.44639       92.88846       0.01179          0.00160        0.01336        0.01079  
174              81.90314       93.95804       0.00000          0.02144        0.01801        0.01724  
175              63.46415       94.82455       0.02953          0.00725        0.03076        0.01179  
176              95.49649       95.04860       0.00000          0.01384        0.01904        0.02015  
177              150.33660       95.27255       0.00884          0.00347        0.00773        0.01028  
178              160.77140       94.56048       0.02424          0.00356        0.02881        0.01249  
179              170.47655       95.35428       0.00812          0.01288        0.01676        0.01136  
180              227.25715       95.43922       0.00000          0.00656        0.01178        0.01079  
181              97.44031       95.88253       0.00000          0.03209        0.02152        0.01157  
182              165.37828       97.20626       0.00000          0.01043        0.00685        0.01249  
183              208.81290       96.00940       0.00000          0.00218        0.00449        0.00963  
184              53.52868       97.16048       0.00000          0.00189        0.00431        0.01179  
185              76.58324       98.24076       0.00000          0.00727        0.00719        0.02584  
186              136.99227       98.51285       0.00000          0.01017        0.01592        0.01515  
187              150.33595       96.83255       0.00563          0.00338        0.00771        0.01028  
188              177.26589       97.58763       0.05213          0.02986        0.02886        0.01259  
189              200.31358       97.83556       0.02028          0.00246        0.02335        0.01742  
190              43.59901       99.92291       0.00000          0.00657        0.01243        0.00940  
191              59.60526       99.10557       0.00837          0.00229        0.01045        0.01197  
192              95.50568       97.92860       0.00000          0.02002        0.00785        0.02015  
193              194.48852       98.53510       0.01044          0.00554        0.01220        0.01742  
194              34.86186       99.38313       0.00684          0.00176        0.01054        0.00940  
195              102.30451       100.00844       0.01281          0.01414        0.01971        0.01632  
196              107.88619       101.01415       0.00000          0.01268        0.00689        0.03595  
197              163.91909       99.84429       0.00000          0.00707        0.01021        0.01249  
198              167.31528       99.78912       0.00000          0.01192        0.00690        0.01136  
199              185.99338       100.00926       0.01040          0.00302        0.01188        0.01259  
200              233.05648       99.61218       0.00000          0.00505        0.01513        0.01332  
201              241.78369       100.56586       0.00000          0.00357        0.00444        0.00935  
202              41.90902       101.13420       0.01388          0.00437        0.01932        0.00940  
203              65.19203       100.45559       0.00000          0.00223        0.01251        0.01197  
204              178.47243       100.47034       0.05213          0.02558        0.00760        0.01259  
205              220.43547       100.86348       0.00000          0.00257        0.00619        0.03534  
206              225.76572       102.03125       0.00000          0.00819        0.03131        0.03534  
207              50.88522       101.31655       0.00247          0.00211        0.00661        0.00933  
208              122.68303       101.46619       0.01730          0.04632        0.01961        0.02492  
209              130.44578       102.65728       0.00000          0.01474        0.01295        0.01342  
210              212.90647       102.92750       0.00806          0.00384        0.01196        0.01118  
211              240.56321       101.75808       0.00000          0.00836        0.02220        0.03822  
212              77.81640       102.85539       0.00023          0.00596        0.02607        0.02584  
213              206.84223       103.14121       0.01161          0.00641        0.01811        0.00963  
214              99.16236       103.85741       0.00906          0.00322        0.01071        0.01632  
215              112.01577       103.88491       0.04478          0.03185        0.04358        0.03595  
216              155.91057       104.21591       0.00000          0.00141        0.00556        0.01249  
217              174.10013       103.52106       0.00701          0.00727        0.01378        0.01165  
218              193.25800       103.93110       0.00000          0.00260        0.00483        0.01742  
219              62.54404       104.24963       0.00000          0.00179        0.00587        0.01197  
220              134.81261       104.69402       0.00000          0.03710        0.02497        0.01163  
221              144.75515       104.63126       0.04042          0.01856        0.03802        0.02668  
222              226.72250       104.49648       0.00708          0.02564        0.02348        0.01079  
223              86.07322       105.64170       0.05979          0.02306        0.03937        0.04252  
224              204.89768       104.21330       0.01161          0.00375        0.00490        0.00963  
225              188.88371       106.97756       0.00999          0.00441        0.01221        0.01060  
226              237.13108       107.67680       0.00000          0.00211        0.00497        0.03822  
227              69.83633       107.69233       0.02445          0.00522        0.01997        0.00984  
228              88.99263       108.27087       0.00000          0.03496        0.02039        0.01055  
229              100.87139       107.87248       0.01073          0.00304        0.01200        0.00887  
230              128.02815       109.97964       0.06938          0.03015        0.00530        0.06093  
231              182.09304       107.61901       0.00888          0.00386        0.00782        0.01165  
232              47.78028       108.95608       0.00000          0.00324        0.00681        0.00933  
233              56.02516       109.26608       0.01008          0.00355        0.01655        0.00933  
234              105.96450       108.51887       0.00000          0.00191        0.00548        0.00887  
235              118.08713       108.85335       0.00726          0.02407        0.01951        0.01294  
236              138.69426       109.37217       0.02418          0.01169        0.01425        0.01147  
237              166.57336       109.32802       0.01474          0.01626        0.01792        0.02873  
238              175.78696       108.68451       0.00000          0.00394        0.01042        0.01165  
239              83.42455       110.33208       0.01916          0.00727        0.01823        0.01853  
240              93.84865       110.41407       0.00000          0.02871        0.03366        0.01516  
241              196.14611       110.36079       0.00000          0.00152        0.00642        0.01060  
242              220.38776       110.34339       0.02535          0.00493        0.03008        0.01265  
243              44.39447       110.23795       0.00000          0.00231        0.00521        0.00940  
244              126.09023       111.18181       0.03509          0.06727        0.06097        0.06093  
245              137.48267       110.63264       0.00000          0.01794        0.00764        0.01147  
246              187.42103       109.73333       0.00000          0.00315        0.00437        0.01060  
247              140.63423       111.89162       0.02418          0.01251        0.01074        0.01466  
248              62.83405       113.12823       0.00000          0.00203        0.00579        0.01713  
249              152.51027       113.45363       0.01334          0.00473        0.01193        0.02668  
250              176.26597       111.44553       0.00000          0.00208        0.00469        0.01165  
251              214.79829       113.31634       0.00000          0.02371        0.02823        0.03159  
252              240.00865       112.73484       0.00000          0.00683        0.01493        0.03822  
253              66.23273       114.19046       0.00000          0.00754        0.02003        0.01713  
254              101.37432       114.29110       0.00284          0.01446        0.01496        0.00887  
255              113.97654       114.32094       0.00000          0.00230        0.00958        0.01080  
256              131.18331       114.41666       0.03872          0.03094        0.04097        0.01243  
257              183.77261       114.34335       0.00510          0.00252        0.00602        0.01060  
258              201.94999       114.04186       0.01180          0.00208        0.01184        0.01060  
259              229.82586       113.21386       0.00000          0.01543        0.00487        0.01079  
260              75.20813       116.00715       0.00000          0.00612        0.00675        0.01340  
261              87.80396       114.63527       0.02228          0.02663        0.02323        0.01987  
262              103.80098       115.48448       0.00284          0.02279        0.00456        0.00887  
263              136.75720       114.29297       0.00000          0.02111        0.00959        0.01472  
264              165.83727       115.44695       0.02098          0.01220        0.02400        0.01983  
265              195.16089       114.97747       0.00000          0.00416        0.01468        0.01060  
266              208.97281       115.33031       0.00000          0.00604        0.00893        0.09738  
267              237.08801       114.69669       0.00000          0.01313        0.00905        0.03822  
268              141.36201       115.43147       0.01780          0.01495        0.01906        0.01466  
269              97.74551       116.40173       0.00000          0.02016        0.01138        0.01157  
270              72.55362       118.35945       0.00000          0.01436        0.01365        0.01340  
271              184.73330       117.58592       0.00583          0.00254        0.00430        0.02711  
272              220.10802       117.78210       0.00000          0.03307        0.09525        0.01812  
273              50.99263       118.83629       0.00000          0.00947        0.01569        0.00992  
274              109.38399       119.61073       0.00000          0.00512        0.00699        0.01080  
275              117.13503       118.81503       0.00000          0.03245        0.02861        0.01080  
276              158.80451       120.77847       0.00000          0.00343        0.00644        0.01958  
277              188.84540       119.93752       0.00614          0.00258        0.00474        0.02711  
278              192.96049       120.97025       0.00000          0.00307        0.00781        0.00856  
279              211.13467       119.65977       0.00000          0.04438        0.10442        0.09738  
280              60.69459       120.75996       0.03499          0.07199        0.04868        0.01500  
281              88.06975       120.99435       0.00000          0.00534        0.00670        0.01987  
282              92.19380       122.71971       0.00000          0.00564        0.00633        0.01155  
283              46.16916       122.28671       0.00000          0.01102        0.04166        0.03269  
284              167.76584       121.86986       0.01392          0.00981        0.01846        0.01263  
285              41.08739       123.04036       0.00000          0.00530        0.00484        0.03269  
286              64.33773       122.54043       0.00000          0.05187        0.01893        0.01197  
287              230.24200       125.27646       0.00000          0.01841        0.00671        0.01088  
288              100.18962       123.65452       0.02653          0.02532        0.02708        0.01063  
289              126.10552       124.14180       0.00342          0.00189        0.00552        0.01342  
290              217.17300       123.46775       0.00000          0.00829        0.00816        0.01812  
291              52.24069       124.88883       0.00000          0.02814        0.01306        0.01235  
292              131.67610       124.37625       0.00000          0.00394        0.00515        0.01515  
293              155.41011       124.73554       0.01547          0.02614        0.02309        0.01958  
294              211.84348       123.68298       0.00000          0.02059        0.00944        0.09738  
295              91.71785       125.18137       0.00000          0.01369        0.00650        0.01912  
296              115.21015       125.83858       0.00000          0.01015        0.00817        0.01080  
297              141.36378       125.63148       0.05760          0.02928        0.04548        0.01466  
298              188.09925       126.59537       0.00000          0.00445        0.01489        0.02711  
299              200.93350       126.57813       0.00569          0.00360        0.00495        0.01371  
300              83.97565       127.07005       0.00000          0.00593        0.00866        0.01724  
301              137.73163       126.47254       0.00000          0.00666        0.01796        0.01515  
302              183.49603       127.48269       0.00000          0.00526        0.02058        0.03173  
303              195.11901       127.39742       0.00000          0.00587        0.01213        0.02415  
304              223.69732       126.38067       0.09728          0.00303        0.00546        0.01088  
305              229.50702       126.77233       0.00000          0.01101        0.00975        0.01088  
306              145.72241       128.81135       0.04793          0.10062        0.03440        0.01996  
307              163.88250       127.74428       0.00399          0.00218        0.00794        0.01263  
308              208.43357       128.16816       0.00953          0.00336        0.01097        0.09738  
309              44.75864       128.83604       0.00000          0.00567        0.00947        0.01184  
310              71.63261       128.44395       0.00000          0.00840        0.00819        0.01116  
311              92.94267       129.31722       0.00000          0.01455        0.01179        0.01912  
312              117.63627       128.41417       0.00000          0.00539        0.00645        0.01080  
313              132.89015       128.63532       0.00000          0.00818        0.00611        0.01515  
314              154.19683       128.27468       0.00000          0.01846        0.01579        0.01195  
315              192.20705       129.36789       0.00000          0.01179        0.01508        0.01032  
316              58.08226       130.01471       0.00000          0.03960        0.03784        0.04015  
317              82.53324       129.65585       0.00000          0.01283        0.01014        0.01724  
318              176.22579       130.34550       0.00000          0.00631        0.00747        0.02054  
319              228.52404       129.34686       0.00000          0.01752        0.01069        0.02399  
320              199.22247       130.95183       0.00165          0.00743        0.01778        0.01371  
321              233.11316       131.23318       0.00000          0.01288        0.01224        0.01332  
322              60.75621       131.97983       0.04875          0.02761        0.00932        0.01061  
323              104.57011       131.68253       0.00000          0.03796        0.01705        0.01312  
324              129.74622       132.47795       0.00000          0.01756        0.03135        0.01342  
325              142.09106       131.81137       0.03392          0.13666        0.07538        0.01117  
326              77.94532       132.43518       0.00000          0.01998        0.02090        0.02584  
327              92.71193       132.67802       0.00000          0.01233        0.00861        0.01912  
328              183.48149       133.06267       0.00000          0.01915        0.01378        0.03173  
329              74.08318       134.79253       0.00167          0.02015        0.02227        0.01116  
330              219.05742       134.21711       0.00000          0.01855        0.02525        0.01008  
331              243.49653       135.25788       0.00957          0.00291        0.00545        0.03822  
332              55.69240       135.36855       0.00000          0.02054        0.02198        0.00933  
333              69.25045       136.37562       0.00000          0.00482        0.00946        0.01116  
334              131.44385       136.37645       0.02857          0.03230        0.02044        0.01473  
335              142.09166       136.61137       0.03392          0.11409        0.03288        0.03992  
336              187.09958       137.51255       0.00000          0.01616        0.01304        0.00911  
337              195.32802       137.17819       0.00000          0.00378        0.00582        0.01337  
338              204.76533       137.21310       0.04286          0.02235        0.03593        0.03417  
339              211.30178       136.58071       0.00000          0.00679        0.00781        0.03417  
340              52.80450       138.08571       0.00000          0.00860        0.01362        0.01235  
341              92.24709       138.31964       0.02490          0.03026        0.02437        0.04251  
342              147.17332       137.33158       0.01072          0.03532        0.02168        0.00868  
343              159.27049       139.13894       0.01004          0.00796        0.01393        0.02281  
344              229.91782       139.73490       0.00000          0.01359        0.01754        0.01088  
345              79.67311       140.28783       0.00000          0.00301        0.02192        0.01797  
346              102.65615       139.96767       0.00714          0.00307        0.00629        0.01625  
347              108.94778       140.49180       0.01749          0.00353        0.02517        0.02977  
348              126.12358       139.44180       0.00000          0.00256        0.00892        0.06093  
349              172.09176       140.29730       0.00000          0.00331        0.01069        0.01165  
350              176.44552       140.78600       0.00000          0.00871        0.00450        0.01165  
351              223.63046       139.10053       0.02857          0.04760        0.01944        0.02015  
352              187.33281       140.57323       0.00612          0.01098        0.01360        0.00911  
353              69.03459       141.65677       0.01016          0.00256        0.01900        0.01177  
354              76.05461       142.64366       0.00000          0.00324        0.00436        0.01797  
355              132.65841       142.49549       0.00000          0.00365        0.00831        0.01473  
356              155.39693       142.25554       0.02415          0.00485        0.02981        0.02690  
357              165.31504       142.14625       0.00000          0.01947        0.02855        0.01983  
358              190.95875       141.54404       0.00000          0.00833        0.01485        0.01337  
359              94.68197       142.99155       0.00000          0.01740        0.01135        0.02015  
360              78.47772       143.59299       0.00000          0.00506        0.00823        0.01797  
361              87.91840       145.53511       0.01390          0.01516        0.01834        0.01987  
362              105.81345       144.75940       0.00429          0.00387        0.00541        0.02977  
363              125.40607       146.22266       0.00000          0.01028        0.01249        0.06093  
364              174.01913       144.38100       0.00000          0.02210        0.01915        0.01165  
365              133.86958       145.01464       0.00000          0.00193        0.00739        0.02691  
366              145.96226       146.33137       0.02729          0.00435        0.01023        0.01466  
367              243.43231       145.03771       0.00957          0.00415        0.00912        0.03822  
368              113.79978       147.20137       0.00429          0.00982        0.01581        0.01418  
369              197.47366       146.30568       0.00000          0.03384        0.03327        0.00856  
370              225.52505       146.73074       0.02857          0.00444        0.00727        0.02015  
371              50.44561       147.94032       0.02080          0.00546        0.02385        0.00992  
372              140.64232       148.37162       0.00000          0.00875        0.01726        0.01466  
373              158.53588       148.25823       0.00700          0.00867        0.01680        0.02281  
374              208.10786       147.90699       0.00491          0.00235        0.00693        0.00856  
375              44.89140       149.11569       0.00000          0.00435        0.00877        0.00992  
376              62.54010       148.59042       0.00000          0.01657        0.02004        0.01061  
377              76.08529       149.48360       0.00246          0.01434        0.01926        0.01635  
378              84.54335       148.30801       0.00888          0.00683        0.01828        0.02151  
379              177.87827       149.18916       0.04263          0.01675        0.04695        0.03906  
380              215.83956       149.26172       0.00000          0.00391        0.00873        0.02015  
381              108.00204       149.73405       0.00549          0.00465        0.00662        0.01418  
382              203.26529       149.50727       0.00000          0.00456        0.00564        0.00856  
383              92.04775       150.74041       0.00696          0.00648        0.00765        0.01987  
384              98.57922       151.97941       0.00000          0.00243        0.00628        0.01266  
385              120.81878       151.20900       0.08991          0.16285        0.49035        0.01027  
386              138.70874       150.77217       0.01768          0.00611        0.02001        0.02691  
387              152.00552       151.31337       0.00000          0.00222        0.01500        0.00986  
388              156.84146       150.35670       0.01671          0.01302        0.01913        0.01029  
389              146.68676       152.03149       0.00256          0.00432        0.01018        0.02668  
390              166.02616       152.16728       0.00000          0.00447        0.01223        0.02294  
391              235.65178       151.76877       0.00000          0.00549        0.01053        0.01313  
392              36.94066       153.18996       0.00000          0.03229        0.01491        0.01256  
393              77.30797       152.59820       0.00246          0.04139        0.03097        0.02668  
394              171.82755       152.41683       0.00000          0.01285        0.00975        0.02294  
395              181.25344       153.21710       0.00000          0.01222        0.01057        0.00903  
396              246.76171       153.40017       0.00957          0.01799        0.02975        0.00999  
397              66.92278       154.50757       0.00000          0.00598        0.01065        0.01179  
398              109.46341       154.41066       0.00518          0.00253        0.00922        0.01312  
399              178.34823       155.19024       0.00000          0.01609        0.01110        0.00903  
400              189.70769       155.28029       0.00000          0.00318        0.01291        0.01113  
401              197.44124       155.48563       0.00000          0.00700        0.01263        0.00911  
402              208.32137       154.56796       0.00526          0.00176        0.00873        0.00911  
403              222.33777       155.11405       0.00000          0.00849        0.00979        0.00960  
404              50.49418       155.80020       0.00655          0.00476        0.00701        0.00992  
405              81.18572       154.98164       0.00000          0.02460        0.00744        0.02668  
406              86.75137       156.69957       0.00000          0.00546        0.00671        0.01266  
407              98.10591       155.34086       0.00988          0.00225        0.01313        0.01266  
408              101.25198       156.77165       0.00693          0.00240        0.00542        0.01312  
409              130.00952       155.45772       0.01320          0.00843        0.02552        0.01342  
410              37.68819       156.36478       0.00000          0.01330        0.01295        0.01256  
411              90.61832       156.74543       0.00019          0.00670        0.01907        0.01266  
412              144.75254       157.25127       0.02918          0.01988        0.02970        0.02668  
413              238.52056       156.94653       0.00000          0.01263        0.01416        0.01313  
414              242.14947       156.36963       0.00000          0.00585        0.00712        0.01313  
415              63.79967       158.12386       0.00000          0.01785        0.01955        0.01179  
416              153.69393       157.37436       0.00000          0.00202        0.00692        0.02252  
417              176.16647       158.24545       0.00000          0.00735        0.00615        0.00903  
418              186.55724       158.27112       0.00549          0.00372        0.00863        0.01113  
419              195.01725       157.57728       0.00000          0.00706        0.01166        0.01060  
420              215.79999       157.60165       0.00000          0.00614        0.01115        0.00960  
421              43.50640       159.02509       0.00000          0.00854        0.00923        0.01256  
422              159.73386       158.87943       0.01999          0.00384        0.02321        0.02252  
423              201.05301       159.09885       0.00000          0.00259        0.00629        0.00911  
424              104.64425       160.18246       0.02075          0.00524        0.01942        0.01312  
425              117.44964       160.03455       0.00000          0.00330        0.00949        0.01027  
426              221.83060       159.73151       0.00000          0.07727        0.03868        0.00960  
427              39.41271       161.09290       0.00000          0.01601        0.01145        0.01256  
428              52.21547       160.64977       0.00845          0.00320        0.01163        0.01412  
429              68.64999       161.57897       0.01721          0.00601        0.02135        0.01177  
430              84.83912       162.10698       0.00000          0.01100        0.00802        0.01055  
431              137.74562       160.31254       0.00000          0.00250        0.00661        0.02668  
432              166.01411       160.44727       0.00000          0.00707        0.04602        0.01983  
433              99.81704       161.93580       0.00000          0.00181        0.01226        0.01312  
434              109.48052       161.91065       0.00000          0.00279        0.01339        0.00881  
435              129.29099       162.17840       0.04522          0.03078        0.04010        0.01106  
436              231.23590       162.90289       0.00422          0.02624        0.01346        0.01117  
437              77.83869       163.39600       0.04268          0.02624        0.04467        0.02584  
438              173.49795       163.58003       0.00545          0.00151        0.00995        0.01983  
439              182.43645       163.30011       0.00000          0.00682        0.01255        0.01555  
440              250.07601       163.38333       0.01006          0.00829        0.01696        0.02498  
441              89.19656       164.55058       0.03961          0.01440        0.03599        0.01055  
442              198.13882       163.16817       0.00000          0.00196        0.00511        0.01060  
443              219.15039       164.21802       0.00000          0.02068        0.01033        0.02299  
444              40.65557       166.18450       0.00000          0.05505        0.02954        0.00940  
445              55.86408       164.82815       0.00845          0.00234        0.00544        0.01412  
446              70.59555       164.20944       0.01721          0.00471        0.00709        0.01177  
447              139.68005       165.65187       0.00965          0.00190        0.01265        0.01342  
448              158.27816       165.11799       0.01961          0.00726        0.01785        0.01611  
449              223.00769       165.67771       0.00000          0.02420        0.00633        0.01028  
450              233.16388       163.69416       0.00422          0.03664        0.01495        0.01332  
451              239.91577       165.59553       0.00000          0.00211        0.00444        0.06792  
452              116.97745       166.21541       0.04395          0.01563        0.04340        0.01080  
453              143.78603       166.79126       0.00000          0.00243        0.00518        0.01772  
454              254.89368       165.27796       0.01006          0.00727        0.01179        0.02498  
455              107.31934       167.31576       0.00684          0.00446        0.00910        0.02977  
456              130.01984       166.61772       0.00000          0.03008        0.01307        0.01342  
457              189.91149       167.76098       0.00000          0.00462        0.00911        0.00973  
458              65.04833       165.85742       0.00579          0.00241        0.00528        0.01177  
459              85.58706       168.10413       0.02340          0.00680        0.03092        0.04252  
460              201.01727       168.57880       0.00000          0.00126        0.00567        0.02779  
461              216.23200       168.34385       0.01572          0.01046        0.01969        0.02299  
462              248.59922       167.33316       0.01006          0.00337        0.00943        0.03583  
463              48.40474       169.37359       0.00000          0.00321        0.00885        0.01412  
464              119.87979       168.79050       0.00000          0.02302        0.01036        0.02884  
465              208.25405       170.40786       0.03357          0.00483        0.03823        0.02779  
466              223.22658       169.99893       0.00497          0.01586        0.01560        0.01028  
467              235.54207       169.88851       0.00000          0.00575        0.01415        0.06792  
468              45.50554       169.15220       0.00000          0.01227        0.01524        0.00940  
469              55.17647       171.13231       0.01623          0.00425        0.01869        0.01412  
470              98.87702       170.75863       0.00443          0.00198        0.00669        0.01632  
471              152.71930       171.23377       0.00000          0.00193        0.00515        0.01772  
472              193.76354       171.37320       0.00712          0.00240        0.00830        0.01337  
473              114.81375       171.37944       0.00000          0.01137        0.01568        0.00977  
474              165.51424       172.14657       0.03875          0.00988        0.03912        0.03156  
475              185.31162       171.94773       0.03516          0.03296        0.03169        0.00973  
476              109.26569       173.55119       0.05049          0.01260        0.03524        0.02977  
477              138.23370       173.03236       0.00000          0.00217        0.00557        0.03992  
478              143.30334       173.99128       0.00000          0.01271        0.03134        0.03992  
479              229.24173       173.81174       0.00000          0.00301        0.00498        0.02399  
480              67.74476       173.70370       0.00000          0.00174        0.00773        0.02791  
481              102.26604       173.92890       0.01373          0.00258        0.01683        0.01632  
482              204.13599       173.75094       0.00847          0.00180        0.01116        0.02779  
483              80.78665       175.14352       0.00000          0.00127        0.00725        0.04252  
484              127.61344       174.66015       0.01050          0.00430        0.01680        0.01654  
485              52.54712       175.52810       0.00381          0.00295        0.00867        0.01412  
486              143.06203       175.31129       0.00000          0.01782        0.03872        0.03992  
487              148.85469       176.21204       0.00494          0.00354        0.00735        0.03992  
488              117.96193       176.89371       0.00861          0.00251        0.01041        0.00977  
489              132.92564       177.05532       0.00000          0.00787        0.00530        0.01090  
490              64.14628       177.98237       0.00000          0.00479        0.00557        0.02791  
491              170.57453       177.61464       0.00000          0.00172        0.00544        0.03156  
492              229.45972       177.95305       0.00000          0.00824        0.02915        0.02399  
493              124.72174       178.50357       0.00707          0.00219        0.00813        0.01654  
494              177.08786       178.88751       0.00156          0.00152        0.00434        0.00973  
495              191.32550       178.92542       0.00000          0.02570        0.03901        0.01337  
496              88.28525       179.43405       0.00000          0.00317        0.00962        0.04251  
497              184.32654       179.20511       0.00640          0.00681        0.00605        0.01337  
498              248.99758       179.51629       0.01006          0.01862        0.02441        0.03583  
499              61.99090       181.05398       0.00000          0.01130        0.00876        0.02791  
500              110.48800       180.44846       0.01079          0.01010        0.01862        0.00881  
501              133.65263       181.37482       0.01860          0.01423        0.01460        0.01090  
502              158.50385       181.61824       0.00000          0.00600        0.02322        0.01611  
503              207.00475       180.48271       0.00675          0.00210        0.01153        0.02779  
504              56.68477       181.44374       0.00195          0.00375        0.00651        0.01412  
505              202.41279       182.38427       0.00618          0.00249        0.01007        0.00911  
506              237.15571       182.31866       0.00990          0.00284        0.01064        0.02399  
507              72.13592       183.34232       0.00000          0.00300        0.00642        0.01116  
508              165.98085       183.30728       0.00000          0.00149        0.00904        0.01249  
509              174.42601       182.54193       0.00294          0.00128        0.00687        0.03156  
510              81.79021       184.37946       0.00000          0.00136        0.00465        0.01116  
511              92.64348       183.73863       0.02127          0.02030        0.01889        0.04251  
512              103.74048       183.70496       0.00000          0.00192        0.00697        0.00881  
513              66.83832       185.28850       0.01267          0.02952        0.01591        0.02791  
514              123.52521       185.94517       0.00000          0.00220        0.00438        0.02150  
515              231.10856       184.98262       0.03918          0.00274        0.00618        0.02399  
516              150.78103       186.29280       0.00000          0.01272        0.01187        0.01611  
517              197.81494       186.26722       0.00000          0.00309        0.00857        0.00911  
518              228.44742       186.34753       0.00000          0.00183        0.01016        0.02399  
519              74.32679       187.59211       0.01249          0.01095        0.01564        0.01116  
520              124.00984       187.62452       0.00000          0.00782        0.00563        0.02150  
521              161.39318       186.78130       0.02091          0.01314        0.02224        0.01249  
522              57.68897       188.27811       0.00195          0.00395        0.01074        0.02791  
523              110.02283       188.18953       0.02968          0.00886        0.03367        0.00881  
524              140.65100       187.49165       0.03240          0.06311        0.03563        0.01466  
525              183.81971       188.38382       0.00931          0.00336        0.00893        0.01309  
526              217.34413       187.96951       0.00673          0.00110        0.00448        0.03534  
527              242.42790       187.81226       0.00467          0.00230        0.01111        0.06801  
528              248.93963       187.85614       0.00467          0.00270        0.00502        0.00969  
529              174.89514       189.08291       0.00613          0.00183        0.01050        0.01249  
530              104.72292       190.42241       0.00000          0.00366        0.00688        0.00866  
531              154.87919       189.35521       0.00000          0.00667        0.00552        0.01249  
532              189.36234       189.77947       0.00706          0.00283        0.01142        0.01309  
533              196.11039       190.94128       0.00000          0.00447        0.01041        0.00911  
534              220.22607       190.38384       0.00535          0.00195        0.00651        0.03534  
535              128.83681       191.03891       0.03143          0.01137        0.03575        0.01106  
536              142.82185       190.61133       0.02174          0.04703        0.00733        0.01466  
537              231.30397       192.90392       0.03918          0.00374        0.00481        0.01947  
538              122.32945       193.08686       0.00294          0.00878        0.01104        0.02150  
539              194.41872       192.07554       0.00000          0.00309        0.01170        0.01309  
540              67.12507       194.22720       0.00000          0.00312        0.00951        0.00873  
541              72.67285       194.85995       0.00000          0.00461        0.01086        0.00873  
542              80.38355       194.04545       0.02481          0.00728        0.02293        0.01797  
543              107.14230       193.71633       0.03230          0.00637        0.03334        0.00866  
544              118.23247       193.99331       0.00757          0.00316        0.00594        0.02150  
545              136.31287       193.55325       0.00943          0.00622        0.02071        0.01472  
546              150.53648       194.03271       0.00000          0.01040        0.00708        0.01259  
547              198.98836       195.21154       0.01489          0.00887        0.01869        0.01371  
548              219.48647       193.62017       0.00944          0.00186        0.00849        0.03534  
549              233.70813       194.05806       0.00990          0.00401        0.00630        0.01947  
550              240.93499       194.94279       0.00467          0.00288        0.00724        0.06801  
551              113.65567       195.80183       0.00000          0.00740        0.00467        0.03595  
552              210.56247       194.47817       0.00944          0.00230        0.01471        0.02299  
553              225.98850       194.97414       0.00535          0.00352        0.02895        0.03534  
554              178.49584       196.35075       0.00369          0.00149        0.01215        0.02054  
555              201.63333       196.96144       0.01452          0.00791        0.02219        0.02546  
556              71.24065       197.80684       0.02933          0.01286        0.02673        0.00873  
557              98.95940       198.35858       0.00572          0.00218        0.00478        0.01157  
558              163.79083       197.64429       0.00000          0.00518        0.00882        0.01611  
559              127.64057       199.68019       0.00000          0.00302        0.00589        0.01473  
560              149.08856       198.41217       0.02133          0.03443        0.02680        0.01259  
561              168.36830       198.79100       0.00000          0.00774        0.00787        0.03156  
562              112.21773       199.76481       0.03708          0.05961        0.06153        0.03595  
563              134.38961       202.01438       0.17939          0.02229        0.00494        0.01473  
564              224.27554       199.76502       0.00535          0.00321        0.02582        0.02015  
565              213.18285       201.33007       0.00944          0.00345        0.00640        0.02299  
566              117.04264       202.69543       0.01161          0.02486        0.01715        0.01080  
567              158.24389       201.41805       0.01481          0.01344        0.01763        0.01611  
568              87.64986       203.13666       0.01006          0.00704        0.00771        0.01853  
569              131.98205       204.41612       0.01463          0.05270        0.13832        0.01473  
570              149.80892       205.31245       0.00000          0.03925        0.04445        0.04047  
571              179.67960       205.41357       0.00000          0.02048        0.01016        0.02054  
572              98.49947       205.68002       0.04309          0.02778        0.03288        0.01157  
573              108.86089       207.03231       0.00000          0.01436        0.00861        0.01625  
574              144.02747       205.43133       0.00000          0.00685        0.00572        0.04047  
575              171.48641       206.95641       0.00000          0.01002        0.01070        0.02294  
576              209.06559       206.17180       0.00944          0.00458        0.02891        0.01039  
577              118.49637       207.49292       0.00000          0.00425        0.00718        0.01294  
578              121.14682       208.14867       0.00000          0.00581        0.00455        0.01294  
579              155.34699       208.61562       0.00000          0.01310        0.00502        0.04047  
580              165.46505       206.70663       0.00759          0.00998        0.01754        0.03156  
581              177.98821       207.68968       0.00000          0.01093        0.01444        0.03906  
582              183.28595       208.12256       0.00000          0.01133        0.00599        0.02054  
583              200.38825       207.63685       0.01516          0.00605        0.01767        0.01742  
584              190.02845       208.56165       0.01090          0.00774        0.01588        0.01092  
585              82.61697       209.69640       0.02184          0.00874        0.02532        0.01853  
586              111.27620       210.08689       0.00000          0.00615        0.01046        0.01294  
587              171.72154       210.07686       0.02581          0.02186        0.02155        0.02294  
588              63.84129       211.40464       0.00000          0.00426        0.01857        0.01179  
589              152.21518       210.23359       0.00000          0.02353        0.01250        0.04047  
590              162.56853       211.62280       0.00000          0.00502        0.01210        0.01050  
591              77.57578       213.37785       0.02184          0.00404        0.00822        0.04379  
592              118.26330       212.05335       0.00000          0.00416        0.01013        0.01294  
593              180.86660       212.55648       0.00000          0.01266        0.00689        0.03906  
594              194.10841       212.89472       0.00802          0.00354        0.00659        0.01092  
595              108.15213       212.85403       0.00000          0.00745        0.00547        0.01625  
596              207.83349       212.70663       0.01761          0.00229        0.00835        0.01039  
597              79.74677       214.32844       0.02184          0.01120        0.01528        0.04379  
598              130.54539       214.25738       0.00766          0.00848        0.00447        0.01243  
599              135.60099       213.95371       0.00000          0.02938        0.02156        0.01472  
600              142.58289       213.71143       0.00000          0.01963        0.01510        0.03992  
601              159.19640       212.63903       0.00000          0.00982        0.00636        0.01050  
602              163.53007       212.88403       0.00000          0.00574        0.00882        0.01050  
603              184.71598       213.70641       0.00000          0.00410        0.00471        0.01555  
604              173.15658       215.17960       0.00000          0.01706        0.01713        0.00976  
605              98.77294       216.53931       0.00000          0.04056        0.02301        0.01157  
606              153.89675       216.53463       0.00000          0.00282        0.00556        0.01958  
607              86.97701       216.33936       0.02184          0.01398        0.01079        0.01853  
608              75.18839       217.82864       0.00000          0.00255        0.01310        0.04379  
609              113.46083       218.60237       0.01406          0.00288        0.00465        0.01192  
610              129.82714       218.51806       0.00000          0.02575        0.01080        0.01243  
611              181.81421       218.73889       0.00000          0.03446        0.02854        0.01555  
612              91.32085       219.44357       0.01006          0.02467        0.01133        0.02962  
613              156.30081       220.31643       0.03674          0.00601        0.03269        0.01958  
614              161.83621       220.02197       0.00000          0.00438        0.00759        0.01958  
615              175.31448       219.38397       0.00000          0.01797        0.00928        0.00976  
616              203.71651       218.68983       0.01761          0.01447        0.02040        0.01313  
617              97.34426       221.58372       0.03662          0.02749        0.03213        0.02962  
618              120.68722       222.42947       0.00000          0.00738        0.02310        0.01027  
619              147.87758       221.57191       0.00000          0.00468        0.00455        0.02690  
620              199.60832       223.17416       0.00000          0.00533        0.00605        0.01371  
621              210.68085       222.19913       0.00000          0.00545        0.00939        0.01313  
622              112.74874       223.40387       0.01406          0.00685        0.01231        0.01192  
623              167.12620       222.96919       0.00000          0.00205        0.00851        0.02294  
624              127.42605       223.74055       0.00000          0.02042        0.00432        0.01243  
625              184.68810       224.02643       0.00000          0.00739        0.00501        0.01555  
626              199.84671       223.77505       0.00000          0.00619        0.00595        0.01371  
627              131.27778       226.25682       0.00412          0.02754        0.02474        0.01243  
628              147.15475       226.01177       0.00000          0.00386        0.00575        0.02668  
629              161.35012       224.16143       0.03674          0.00544        0.01130        0.02690  
630              172.17164       226.93782       0.00000          0.01689        0.01637        0.02294  
631              190.69536       226.50391       0.00836          0.00410        0.01159        0.02711  
632              155.81333       228.17609       0.03674          0.02844        0.01718        0.02690  
633              105.30463       229.12123       0.00000          0.01857        0.01437        0.01312  
634              126.95151       229.62112       0.00000          0.02078        0.01241        0.03102  
635              203.67348       229.54983       0.00000          0.02945        0.01863        0.01932  
636              208.47797       230.88968       0.02097          0.02367        0.02242        0.02779  
637              113.24784       232.16292       0.00000          0.00497        0.00788        0.01294  
638              136.09224       232.49356       0.00000          0.01401        0.00856        0.01472  
639              145.47010       233.27156       0.00000          0.00986        0.01165        0.02668  
640              195.72827       231.98044       0.00130          0.00680        0.00645        0.02318  
641              118.29812       232.45345       0.00000          0.00747        0.01164        0.01294  
642              188.03012       233.03595       0.03937          0.01585        0.02810        0.02711  
643              132.96802       234.89555       0.00000          0.01637        0.00558        0.01472  
644              144.98907       235.31154       0.00000          0.01509        0.02032        0.01028  
645              202.21187       234.34418       0.00000          0.01322        0.01517        0.02318  
646              185.86171       234.58978       0.03937          0.01309        0.00843        0.00973  
647              111.57635       237.62649       0.00000          0.00571        0.00742        0.01631  
648              128.88375       237.77913       0.00000          0.01029        0.01318        0.01106  
649              176.47704       238.28662       0.00000          0.00646        0.00942        0.01259  
650              105.56766       237.94066       0.00000          0.01062        0.00858        0.01656  
651              139.94182       240.71210       0.00000          0.01767        0.00875        0.01266  
652              187.77012       239.75528       0.03937          0.01784        0.01458        0.02711  
653              199.06190       240.99243       0.00130          0.00382        0.00970        0.00856  
654              205.31009       241.07662       0.00000          0.00300        0.01546        0.01266  
655              112.07035       243.86551       0.00000          0.02019        0.03756        0.03595  
656              182.95236       243.94207       0.03937          0.02478        0.02632        0.01055  
657              192.32047       244.80930       0.00000          0.00203        0.00708        0.00856  
658              107.74866       245.25533       0.00000          0.00870        0.01109        0.01631  
659              136.82007       245.99332       0.00000          0.01204        0.01657        0.01515  
660              127.70081       255.24055       0.00000          0.00241        0.01087        0.01473  
