0.1 -6.147176297078047e-06 -0.001661043779592108
0.1047615752789665 -6.745281592328317e-06 -0.001822659297385016
0.1097498765493056 -7.401448797098746e-06 -0.001999963868001339
0.1149756995397736 -8.121287310726301e-06 -0.002194473221172197
0.1204503540258782 -8.910942938379394e-06 -0.002407848030181097
0.126185688306602 -9.777148029960793e-06 -0.002641907460021463
0.1321941148466029 -1.072727612014563e-05 -0.002898643931817045
0.1384886371393873 -1.17694013162932e-05 -0.003180239170177125
0.1450828778495939 -1.291236291460317e-05 -0.003489081663288614
0.1519911082952934 -1.416583549357551e-05 -0.003827785603044004
0.1592282793341092 -1.554040500348382e-05 -0.004199211445367
0.1668100537200058 -1.704765112695394e-05 -0.004606488165069084
0.1747528400007684 -1.870023641095116e-05 -0.005053037340425229
0.1830738280295368 -2.051200249443429e-05 -0.005542599155087366
0.1917910261672488 -2.249807384107109e-05 -0.006079260427959151
0.2009233002565046 -2.467496935761747e-05 -0.006667484773875516
0.210490414451202 -2.70607221323715e-05 -0.007312144958427805
0.2205130739903045 -2.967500770334063e-05 -0.008018557557623925
0.2310129700083159 -3.253928082532184e-05 -0.008792519914060853
0.2420128264794381 -3.567692108607178e-05 -0.009640349484231755
0.2535364493970111 -3.911338698659086e-05 -0.01056892547294236
0.2656087782946685 -4.287637859339355e-05 -0.01158573278398499
0.2782559402207123 -4.699600793376115e-05 -0.01269890806306318
0.2915053062825175 -5.150497670367706e-05 -0.01391728771669439
0.3053855508833414 -5.643875988551325e-05 -0.01525045752800118
0.3199267137797381 -6.183579390382242e-05 -0.01670880349875538
0.335160265093884 -6.773766711063513e-05 -0.01830356332088336
0.3511191734215129 -7.418930977836206e-05 -0.0200468777149203
0.3678379771828631 -8.123918018628692e-05 -0.02195184071290367
0.3853528593710527 -8.893944190805459e-05 -0.02403254756366588
0.4037017258596552 -9.734612703783624e-05 -0.02630413883858193
0.4229242874389496 -0.0001065192776539582 -0.02878283865680799
0.4430621457583877 -0.0001165230574443837 -0.03148598484788014
0.4641588833612775 -0.000127425822114045 -0.03443204797665453
0.486260158006535 -0.0001393001363572934 -0.03764063592947526
0.5094138014816375 -0.000152222721273475 -0.04113247970520644
0.5336699231206306 -0.0001662743142387517 -0.04492939555084885
0.5590810182512219 -0.0001815394190162361 -0.0490542174381786
0.5857020818056662 -0.0001981059205762287 -0.05353069298336652
0.6135907273413168 -0.0002160645346522702 -0.05838333471015143
0.6428073117284315 -0.0002355080572868417 -0.06363721726771934
0.6734150657750815 -0.0002565303748407109 -0.06931770992286941
0.7054802310718636 -0.0002792251893016785 -0.07545013212252322
0.7390722033525771 -0.0003036844083769189 -0.08205931847657662
0.7742636826811262 -0.0003299961446507094 -0.08916907810533856
0.8111308307896862 -0.0003582422622593138 -0.09680153172045629
0.8497534359086433 -0.0003884954066140167 -0.104976309018997
0.8902150854450375 -0.0004208154477229302 -0.1137095876245968
0.9326033468832187 -0.0004552452690451648 -0.1230129551832838
0.977009957299224 -0.000491805833339681 -0.1328920760942376
1.023531021899025 -0.000530490464654581 -0.1433451464319099
1.072267222010322 -0.0005712582964030108 -0.1543611235343358
1.123324032978026 -0.0006140268516639913 -0.1659177211077877
1.176811952434997 -0.0006586637537269091 -0.1779791693124072
1.232846739442064 -0.0007049775927884837 -0.1904937468297017
1.291549665014882 -0.0007527080388613241 -0.2033911092470011
1.353047774579805 -0.000801515336006826 -0.2165794502680282
1.417474162926803 -0.000850969417860354 -0.2299425605919158
1.484968262254462 -0.0009005389552436512 -0.2433368684413461
1.555676143930469 -0.000949580791772769 -0.2565885849319217
1.629750834620641 -0.0009973303287874498 -0.2694911059600463
1.707352647470687 -0.001042893591431105 -0.2818028683586845
1.788649529057431 -0.00108524184665646 -0.2932458956152951
1.87381742286038 -0.001123209806131739 -0.3035053122746472
1.963040650040267 -0.00115549859302088 -0.3122301455998728
2.056512308348647 -0.001180684749407071 -0.3190357594907581
2.154434690031879 -0.00119723664607617 -0.3235082886120925
2.257019719633915 -0.001203539610971591 -0.3252114284158922
2.364489412645402 -0.001197931000699473 -0.3236959118999453
2.477076355991705 -0.001178746156047545 -0.3185119273627403
2.59502421139973 -0.001144375772686888 -0.3092246206833221
2.718588242732935 -0.001093334605589101 -0.2954326601125473
2.848035868435795 -0.001024340599809498 -0.2767896183986102
2.983647240283332 -0.0009364025567144255 -0.2530276612961266
3.125715849688229 -0.0008289132526511046 -0.2239827093932616
3.274549162877721 -0.0007017436659559602 -0.1896198994257526
3.43046928631491 -0.0005553327096573544 -0.1500578311734512
3.593813663804619 -0.0003907656590951815 -0.1055897595822637
3.764935806792459 -0.0002098337159609672 -0.05669968971141034
3.944206059437646 -1.506659900833757e-05 -0.004071183150270724
4.132012400115327 0.0001902694579250138 0.05141318294107382
4.328761281083048 0.000402215085797029 0.1086835376169102
4.53487850812857 0.0006162070582744325 0.1665068401526116
4.750810162102784 0.0008272152937752955 0.2235238997069335
4.977023564332097 0.00102992548006523 0.2782987227678734
5.214008287999671 0.001218961028508223 0.3293784879622226
5.462277217684327 0.001389133502533791 0.3753612149538542
5.722367659350201 0.001535706518153806 0.414967073658022
5.994842503189393 0.001654654777438943 0.4471083783205875
6.280291441834235 0.001742898098110367 0.4709528252354241
6.579332246575661 0.001798490176180696 0.485974498766605
6.892612104349678 0.001820744243964879 0.4919878257117113
7.220809018385443 0.001810281813608596 0.4891607464117438
7.564633275546266 0.001768997354624016 0.4780051701803027
7.924828983539149 0.00169993887104311 0.4593447057594837
8.302175681319721 0.001607112766711546 0.4342619334861388
8.697490026177807 0.001495228535257508 0.404029417334046
9.111627561154865 0.00136940504407499 0.3700303391793122
9.545484566618311 0.001234863678563428 0.3336755825429953
9.99999999999997 0.001096634466362779 0.2963243236905456
