##########################################################################################
#
# SZ signal computed with SZpack v1.1.1
# Runmode: CNSN-basis
#
# General parameters:
# xmin= 0.1 xmax= 30 np= 100
# Dtau= 0.017766
# Te= 7.2keV (The ~ 0.01409)
# betac= 0 muc= 1
# betao= 0 muo= 1
#
# Runmode specific parameters:
# eps= 0
# Te_order= 10 beta_order= 2
#
##########################################################################################
#
# Output format: x = (h nu/k T0) | x^3 Dn(x) | DI(x) in MJy/sr 
# Here a CMB temperature of T0 = 2.726 K is assumed.
#
##########################################################################################
0.1 -4.880887486277718e-06 -0.001318876733993176
0.1059305986937042 -5.47580419684773e-06 -0.001479630656397749
0.112212917396066 -6.143071570655751e-06 -0.001659934631267547
0.1188678152093245 -6.891446560753505e-06 -0.001862154896642896
0.1259173883053634 -7.730735135813499e-06 -0.002088941147681244
0.1333850432913477 -8.671915113913174e-06 -0.002343259727879149
0.1412955749263811 -9.727272640978865e-06 -0.002628430507251693
0.1496752484472268 -1.091055363540512e-05 -0.002948167804559327
0.1585518867764366 -1.22371315749669e-05 -0.003306625725426282
0.1679549629024433 -1.372419308468454e-05 -0.003708448310498624
0.1779156977383469 -1.539094281502276e-05 -0.004158824896091443
0.188467163784312 -1.725882911259458e-05 -0.004663551093230411
0.1996443949377657 -1.935179192585694e-05 -0.005229095774865707
0.2114845028159985 -2.169653432400319e-05 -0.005862674443666534
0.2240267999773909 -2.432281883843404e-05 -0.006572329307186231
0.2373129304503973 -2.726378956541552e-05 -0.007367016314021728
0.2513870080036796 -3.055632053330644e-05 -0.008256699286987579
0.2662957626164879 -3.424139027752126e-05 -0.009252451137947284
0.282088695635611 -3.836448178537033e-05 -0.01036656193790224
0.2988182441340637 -4.297600587318587e-05 -0.01161265331877677
0.3165399550172282 -4.813174458705375e-05 -0.01300579828583151
0.3353126694545318 -5.389330931468325e-05 -0.01456264500520985
0.3551987182490268 -6.03286058987144e-05 -0.01630154248336031
0.3762641287935576 -6.751229585092418e-05 -0.018242665192873
0.3985788443006657 -7.552623875136866e-05 -0.02040813261425102
0.4222169560341422 -8.445989582582351e-05 -0.02282211828757322
0.4472569493133006 -9.441066851856391e-05 -0.02551094129908634
0.4737819641067764 -0.000105484138031412 -0.02850313100764605
0.5018800710810989 -0.0001177941622717151 -0.03182945324127109
0.5316445640205961 -0.0001314627750039091 -0.03552288304663657
0.5631742695895509 -0.0001466198182709624 -0.03961850536475922
0.5965738754651069 -0.0001634022226193297 -0.04415332053879378
0.6319542779304209 -0.000181952830425365 -0.04916592636213975
0.6694329500821702 -0.0002024186354901543 -0.05469604239498748
0.7091343318749688 -0.0002249482873807218 -0.06078383560615518
0.7511902432977535 -0.0002496886817870879 -0.0674689990449984
0.7957403220540034 -0.0002767804295048315 -0.07478952750393114
0.8429324871990155 -0.0003063519682449011 -0.08278012645592603
0.8929234302736484 -0.0003385120555814584 -0.09147018355530015
0.945879135565236 -0.000373340361391237 -0.1008812265973816
1.001975431223088 -0.0004108758695219779 -0.1110237895045219
1.061398573058441 -0.0004511028087060267 -0.1218936106833053
1.12434586296724 -0.0004939338708782624 -0.1334670984045428
1.191026304029092 -0.0005391905522142188 -0.1456960187063414
1.261661294457515 -0.0005865805845831384 -0.1585013970909631
1.336485362705584 -0.0006356726293900443 -0.1717666804850198
1.415746946167749 -0.0006858687009793688 -0.1853302856988543
1.49970921606333 -0.0007363751869825238 -0.1989777687626594
1.588650951240543 -0.0007861738588967486 -0.2124339916229651
1.682867463802334 -0.0008339949210339635 -0.2253558396321503
1.782671579627367 -0.0008782949243707539 -0.2373262535949746
1.888394677041784 -0.0009172432327122374 -0.2478505727570926
2.000387787090403 -0.0009487216202129237 -0.2563564260501662
2.119022759060604 -0.0009703423849392212 -0.2621986266025908
2.244693495128747 -0.0009794909258196572 -0.2646706765629955
2.377817258228515 -0.0009733988221988167 -0.2630245141080749
2.518836057483688 -0.0009492528288986677 -0.256499965268903
2.668218115805365 -0.000904343556732077 -0.2443649192618799
2.826459424526496 -0.0008362546736781764 -0.2259664530083879
2.994085390235544 -0.0007430890590685562 -0.2007919408193128
3.17165257927724 -0.0006237224813441956 -0.1685376012919931
3.359750565712691 -0.0004780683267941688 -0.1291800303204121
3.559003888874567 -0.0003073293364122349 -0.08304422353664466
3.770074127017043 -0.0001142053429195065 -0.03085970944786478
3.993662093945595 9.697885114764839e-05 0.0262048963078153
4.230510165920092 0.00032026232955459 0.08653887974502893
4.481404746557171 0.0005481860006238026 0.1481267011698464
4.747178877916088 0.000772100659245062 0.2086312373809071
5.02871500643758 0.0009826479416515498 0.2655237416543825
5.326947912919474 0.001170393006706604 0.3162548021263339
5.642867816257378 0.001326561047841573 0.3584533565132688
5.977523661255792 0.001443804666600488 0.3901340460241477
6.332026601426087 0.001516911158991026 0.4098883329624974
6.707553688335263 0.001543353013692421 0.4170332522148553
7.105351779755181 0.001523595030562009 0.4116943985054445
7.526741679588429 0.001461098269915143 0.3948069935409118
7.973122523316588 0.001362001902622575 0.3680299179347125
8.445976423531835 0.001234512357353651 0.3335806511660611
8.946873390976377 0.001088076067212939 0.2940117373933434
9.477476547428989 0.0009324479024404539 0.2519590643396118
10.03954764774693 0.000776783983791694 0.2098967301421432
10.63495292939802 0.000628880693034227 0.1699314144880809
11.26566930890495 0.0004946524759076224 0.1336612744548652
11.9337909457759 0.0003778957818118599 0.1021121580669572
12.64153619571548 0.0002803352247431424 0.07575007755698991
13.39125497620272 0.0002019021617530397 0.05455648474332803
14.185436568892 0.0001411648478223437 0.03814450424723086
15.02671788474294 9.581824079092651e-05 0.02589128489984586
15.91789221932212 6.31500553979508e-05 0.01706393336230216
16.86191852734648 4.042273061904814e-05 0.01092272646886881
17.86193124726275 2.514060041933496e-05 0.006793304099899783
18.92125070848325 1.519963027295492e-05 0.004107129858792646
20.04339415583305 8.937720901632395e-06 0.00241508377016023
21.23208742781287 5.114264147336763e-06 0.001381938021390833
22.49127732745287 2.849058255328716e-06 0.000769851109518166
23.82514472683217 1.545722159724097e-06 0.0004176734250501016
25.23811844877481 8.168796334730885e-07 0.000220731075258232
26.73488997181336 4.205254426684434e-07 0.0001136312246383206
28.32042900724498 2.10849516157643e-07 5.697417160625999e-05
30.00000000000006 1.029376014573867e-07 2.781502503323321e-05
