##########################################################################################
#
# SZ signal computed with SZpack v1.1.1
# Runmode: CNSN-basis
#
# General parameters:
# xmin= 0.1 xmax= 30 np= 100
# Dtau= 0.0690059
# Te= 10.88keV (The ~ 0.0212916)
# betac= 0 muc= 1
# betao= 0 muo= 1
#
# Runmode specific parameters:
# eps= 0
# Te_order= 10 beta_order= 2
#
##########################################################################################
#
# Output format: x = (h nu/k T0) | x^3 Dn(x) | DI(x) in MJy/sr 
# Here a CMB temperature of T0 = 2.726 K is assumed.
#
##########################################################################################
0.1 -2.830883148974489e-05 -0.007649399688750282
0.1059305986937042 -3.17591051209207e-05 -0.008581706698666267
0.112212917396066 -3.56289300488257e-05 -0.009627381706826109
0.1188678152093245 -3.996907291480712e-05 -0.01080014249351548
0.1259173883053634 -4.4836378268884e-05 -0.01211534916582252
0.1333850432913477 -5.029447933712106e-05 -0.01359019621585583
0.1412955749263811 -5.64145875000007e-05 -0.01524392584765673
0.1496752484472268 -6.327636803866933e-05 -0.01709806461476829
0.1585518867764366 -7.096890999627369e-05 -0.01917668548887657
0.1679549629024433 -7.959179844731677e-05 -0.02150669760037724
0.1779156977383469 -8.92562976056773e-05 -0.02411816592893299
0.188467163784312 -0.0001000866532261487 -0.02704466322862904
0.1996443949377657 -0.0001122215223474554 -0.03032365636238572
0.2114845028159985 -0.0001258155379768808 -0.03399692909927927
0.2240267999773909 -0.0001410410152465316 -0.03811104313926471
0.2373129304503973 -0.0001580898038906896 -0.0427178386756836
0.2513870080036796 -0.0001771752892378265 -0.0478749750882877
0.2662957626164879 -0.0001985345405036894 -0.05364651143885091
0.282088695635611 -0.0002224306004544056 -0.06010352516672533
0.2988182441340637 -0.0002491549039114577 -0.06732476559907936
0.3165399550172282 -0.0002790298037864959 -0.07539733651703999
0.3353126694545318 -0.0003124111720067819 -0.08441739895821902
0.3551987182490268 -0.0003496910284676865 -0.09449088159249884
0.3762641287935576 -0.0003913001323014108 -0.1057341809151915
0.3985788443006657 -0.0004377104461118744 -0.1182748271140701
0.4222169560341422 -0.0004894373539726137 -0.1322520834000913
0.4472569493133006 -0.0005470414778786535 -0.1478174368353689
0.4737819641067764 -0.0006111298916850557 -0.1651349263545242
0.5018800710810989 -0.0006823564763587284 -0.1843812387581609
0.5316445640205961 -0.0007614210932344777 -0.2057454853163281
0.5631742695895509 -0.0008490671732635814 -0.2294285503533884
0.5965738754651069 -0.0009460772260862762 -0.255641877743337
0.6319542779304209 -0.001053265664039565 -0.2846055318671231
0.6694329500821702 -0.001171468212300133 -0.3165453361010571
0.7091343318749688 -0.001301527039668551 -0.3516888549690686
0.7511902432977535 -0.00144427059601847 -0.3902599459697595
0.7957403220540034 -0.001600486989103719 -0.4324715656573076
0.8429324871990155 -0.001770889586023751 -0.4785164747279814
0.8929234302736484 -0.001956073397048964 -0.5285554523852192
0.945879135565236 -0.002156460712314537 -0.5827026066956071
1.001975431223088 -0.002372234446777832 -0.6410073635642166
1.061398573058441 -0.002603257749103624 -0.7034327440517564
1.12434586296724 -0.002848978695955104 -0.7698296115821609
1.191026304029092 -0.003108319385564985 -0.8399067036408974
1.261661294457515 -0.003379549550923499 -0.9131964804804924
1.336485362705584 -0.003660146019622832 -0.9890171494159324
1.415746946167749 -0.003946641049329701 -1.066431683175905
1.49970921606333 -0.004234464826739903 -1.144205261154004
1.588650951240543 -0.004517790328110725 -1.220763348787754
1.682867463802334 -0.004789392288554126 -1.294153589300944
1.782671579627367 -0.005040536156403875 -1.362015797787272
1.888394677041784 -0.005260917355252563 -1.421565549054479
2.000387787090403 -0.005438675632803115 -1.469598054863154
2.119022759060604 -0.005560513087988973 -1.502520056328119
2.244693495128747 -0.005611946794099631 -1.516418085840805
2.377817258228515 -0.00557772659473092 -1.507171360750976
2.518836057483688 -0.005442444409974987 -1.470616425506108
2.668218115805365 -0.005191351810686781 -1.402768070425168
2.826459424526496 -0.004811386445687767 -1.300096685143432
2.994085390235544 -0.004292384464356025 -1.159855870332761
3.17165257927724 -0.00362842566726625 -0.9804459141979974
3.359750565712691 -0.00281922239972455 -0.7617890888496412
3.559003888874567 -0.001871425675843988 -0.5056825813353022
3.770074127017043 -0.0007996884682396702 -0.2160858077899014
3.993662093945595 0.0003726960516523656 0.1007071260620852
4.230510165920092 0.001613765921039829 0.4360596988466204
4.481404746557171 0.00288363090933445 0.7791930722511221
4.747178877916088 0.004136083009962172 1.117621266017684
5.02871500643758 0.005321085851494316 1.437823827909647
5.326947912919474 0.006388033169177137 1.726126313399113
5.642867816257378 0.007289535151326377 1.969723403733211
5.977523661255792 0.007985369021859525 2.157746402655169
6.332026601426087 0.008446142619658016 2.282253181285751
6.707553688335263 0.00865619127695702 2.339010950830124
7.105351779755181 0.008615276094302448 2.327955157673262
7.526741679588429 0.008338779679322351 2.25324237443968
7.973122523316588 0.007856291339998805 2.1228680015524
8.445976423531835 0.007208706716216071 1.947882551467765
8.946873390976377 0.006444195303791026 1.741302023325207
9.477476547428989 0.005613567556726059 1.516856036136798
10.03954764774693 0.004765662826146807 1.287741592309174
10.63495292939802 0.003943358731805177 1.065544760002846
11.26566930890495 0.003180675180518308 0.8594581427596659
11.9337909457759 0.002501239564679787 0.6758661569794054
12.64153619571548 0.001918139081401145 0.5183051267080715
13.39125497620272 0.001434963743896567 0.3877451183354814
14.185436568892 0.001047684257840497 0.2830973662313425
15.02671788474294 0.0007469402618851249 0.2018325839005027
15.91789221932212 0.0005203346243518826 0.1406009115920296
16.86191852734648 0.0003544231747939135 0.09576956660809459
17.86193124726275 0.0002362180690885816 0.06382907132065704
18.92125070848325 0.0001541528908199546 0.04165403561377245
20.04339415583305 9.855959290633051e-05 0.02663203246570433
21.23208742781287 6.176782204215466e-05 0.01669043665314137
22.49127732745287 3.795621523801507e-05 0.01025624321982312
23.82514472683217 2.287338849212862e-05 0.006180675132272288
25.23811844877481 1.351781797663922e-05 0.003652683179824843
26.73488997181336 7.83346103415431e-06 0.002116698967889382
28.32042900724498 4.450084016300983e-06 0.001202468258060626
30.00000000000006 2.477502358531815e-06 0.0006694520675322348
