#REFERENCE 3 104.6588590 -55.9571860
81    0.00    0.00  61.44  20.48  38.804    0.80  90.374 1000.000  801.1 0.296   0.00 1 0
81   24.05   29.13  61.32  20.61  72.276    0.80  90.954 1000.000  707.0 0.296   0.00 2 1
81   -0.00    0.00  44.45  34.14  43.500    0.26   0.319 150.665  301.8 0.296   0.00 3 2
81   24.05   29.13  31.14  25.43  37.400    0.20   0.266 112.205  240.5 0.296   0.00 4 3
81   51.94   48.93  25.31  22.14   9.900    0.13   0.175  97.692  240.2 0.296   0.00 5 4
81  -38.35  -69.85  39.61  33.39  78.000    0.17   0.315 147.371  228.9 0.296   0.00 6 5
81   -0.81   59.45  62.09  24.69 -22.300    0.73   0.261 108.946  208.3 0.296   0.00 7 6
81   33.19   67.72  39.70  22.43  -3.500    0.52   0.246  98.995  202.1 0.296   0.00 8 7
81   42.74   50.68  19.72  18.80 -21.700    0.05   0.220  82.949  191.3 0.296   0.00 9 8
81    6.04    0.69  49.65  15.18 -34.500    0.83   0.192  66.990  178.9 0.296   0.00 10 9
81   46.88   86.06  19.30  14.21 -12.900    0.30   0.185  62.692  175.2 0.296   0.00 11 10
81    1.07    3.15  22.71  13.20  18.400    0.49   0.176  58.239  171.3 0.296   0.00 12 11
81   17.22   27.48  14.38  12.26  40.200    0.16   0.168  54.102  167.4 0.296   0.00 13 12
81    5.23   23.01  13.40  12.08 -49.000    0.10   0.167  53.310  166.6 0.296   0.00 14 13
81    5.28  -22.58  15.42  11.73 -32.500    0.27   0.164  51.762  165.1 0.296   0.00 15 14
81    7.65   38.42  14.36  11.47 -22.800    0.22   0.161  50.631  163.9 0.296   0.00 16 15
81   56.07   82.36  22.20  11.22  17.800    0.59   0.159  49.524  162.8 0.296   0.00 17 16
81   10.62   69.08  16.01  10.90 -37.400    0.37   0.156  48.085  161.3 0.296   0.00 18 17
81   77.90   34.75  32.67  10.74  33.600    0.81   0.155  47.382  160.6 0.296   0.00 19 18
81   15.51   -5.87  27.01  10.35 -64.300    0.74   0.151  45.668  158.7 0.296   0.00 20 19
81    0.61  -19.51  12.79  10.27 -55.000    0.22   0.151  45.333  158.4 0.296   0.00 21 20
81  -74.37   87.11  18.18   9.61   5.900    0.56   0.145  42.424  155.1 0.296   0.00 22 21
81   21.74   21.88  13.68   9.06 -78.600    0.39   0.139  39.996  152.3 0.296   0.00 23 22
81  -46.98   85.37   9.81   9.06  72.600    0.08   0.139  39.996  152.3 0.296   0.00 24 23
81   56.21  -38.70  11.54   9.00   4.200    0.24   0.139  39.702  151.9 0.296   0.00 25 24
81  -28.20   13.28   9.16   8.80  11.700    0.04   0.137  38.834  150.9 0.296   0.00 26 25
81  -10.48   -5.77  11.55   8.54   7.500    0.29   0.134  37.706  149.5 0.296   0.00 27 26
81   -5.60  -38.87  10.96   7.48   8.000    0.36   0.124  33.023  143.4 0.296   0.00 28 27
81  -47.51   20.55  11.28   7.48  11.100    0.39   0.124  33.023  143.4 0.296   0.00 29 28
81   57.89   34.56   9.92   7.27 -66.800    0.30   0.121  32.064  142.1 0.296   0.00 30 29
81    9.14   54.73  13.19   7.05  39.600    0.56   0.119  31.132  140.8 0.296   0.00 31 30
81   22.56    6.41  13.11   6.95  -5.900    0.56   0.118  30.677  140.2 0.296   0.00 32 31
81   70.88   81.10   8.48   6.85  10.900    0.21   0.117  30.228  139.5 0.296   0.00 33 32
81   23.25  -77.63   9.16   6.75 -21.200    0.30   0.116  29.786  138.9 0.296   0.00 34 33
81  -28.18   26.80   8.27   6.75  52.500    0.20   0.116  29.786  138.9 0.296   0.00 35 34
81   71.36  -26.20  14.34   6.65 -18.500    0.65   0.115  29.350  138.2 0.296   0.00 36 35
81   84.59   -7.85   7.61   6.22  16.000    0.20   0.110  27.467  135.4 0.296   0.00 37 36
81   14.87    8.77   8.20   6.13  86.800    0.28   0.109  27.065  134.8 0.296   0.00 38 37
81    9.68   38.75   8.37   6.13 -56.700    0.30   0.109  27.065  134.8 0.296   0.00 39 38
81   46.20  -65.17   7.13   5.74  79.300    0.21   0.105  25.329  132.0 0.296   0.00 40 39
81  -12.57   74.03  10.48   5.53 -69.800    0.56   0.102  24.413  130.5 0.296   0.00 41 40
81   -6.73  -20.18  10.28   5.14 -73.600    0.60   0.098  22.678  127.5 0.296   0.00 42 41
81    1.03   -6.12   7.02   5.03 -36.800    0.32   0.096  22.183  126.7 0.296   0.00 43 42
81  -23.93   25.14   7.21   4.88  17.600    0.37   0.095  21.538  125.5 0.296   0.00 44 43
81   26.71   34.10   5.92   4.84 -23.400    0.20   0.094  21.380  125.2 0.296   0.00 45 44
81  -52.51    4.40   5.14   4.74 -86.500    0.08   0.093  20.913  124.4 0.296   0.00 46 45
81   27.44   26.30   6.00   4.60  87.900    0.26   0.091  20.305  123.2 0.296   0.00 47 46
81   21.32  -24.43  12.49   4.24  77.200    0.79   0.087  18.725  120.1 0.296   0.00 48 47
81   47.67   98.99   4.33   4.12   0.800    0.05   0.085  18.181  119.0 0.296   0.00 49 48
81  -35.43  -76.11   4.21   4.09   3.600    0.03   0.085  18.047  118.8 0.296   0.00 50 49
81   70.47   92.39   5.78   4.06 -20.200    0.34   0.084  17.915  118.5 0.296   0.00 51 50
81   62.74  -33.09   5.87   4.03 -52.400    0.36   0.084  17.783  118.2 0.296   0.00 52 51
81  -33.09  -71.58   4.45   3.97  38.400    0.11   0.083  17.523  117.7 0.296   0.00 53 52
81    8.68   -9.43   4.68   3.94 -42.200    0.17   0.083  17.395  117.4 0.296   0.00 54 53
81    1.72   -5.22   5.52   3.88 -68.700    0.34   0.082  17.140  116.9 0.296   0.00 55 54
81   21.95   32.63   5.30   3.88  40.500    0.30   0.082  17.140  116.9 0.296   0.00 56 55
81   -5.25  -21.23   5.51   3.86 -68.300    0.34   0.082  17.014  116.6 0.296   0.00 57 56
81   -1.47   76.21   6.16   3.83  32.200    0.44   0.081  16.889  116.3 0.296   0.00 58 57
81   52.69   51.26   4.40   3.77  87.800    0.15   0.081  16.642  115.8 0.296   0.00 59 58
81  -43.99   56.86   5.32   3.74  71.400    0.34   0.080  16.520  115.5 0.296   0.00 60 59
81   38.57   -6.57   4.60   3.58 -40.500    0.25   0.078  15.806  113.9 0.296   0.00 61 60
81   19.27  -56.74   5.54   3.48  -4.500    0.43   0.077  15.347  112.9 0.296   0.00 62 61
81   20.82   65.31   5.00   3.48 -34.300    0.35   0.077  15.347  112.9 0.296   0.00 63 62
81   14.30   20.57   4.29   3.45 -73.200    0.21   0.076  15.234  112.6 0.296   0.00 64 63
81  -24.46  -63.42   5.39   3.38 -74.800    0.44   0.075  14.901  111.9 0.296   0.00 65 64
81   61.62   69.33   5.42   3.33 -21.500    0.45   0.074  14.683  111.3 0.296   0.00 66 65
81  -26.93   -8.34   3.57   3.28 -49.400    0.09   0.074  14.468  110.8 0.296   0.00 67 66
81   42.34   13.80   3.81   3.25  39.900    0.16   0.073  14.362  110.6 0.296   0.00 68 67
81   34.03  -30.97   5.20   3.21  73.400    0.45   0.073  14.152  110.1 0.296   0.00 69 68
81   11.72   65.88   6.42   3.11 -12.700    0.62   0.071  13.741  109.1 0.296   0.00 70 69
81   12.88   17.82   3.73   3.05  65.000    0.20   0.070  13.440  108.3 0.296   0.00 71 70
81   10.06    2.54   4.32   2.96 -88.800    0.36   0.069  13.050  107.3 0.296   0.00 72 71
81   -6.34  -28.49   3.12   2.94 -58.300    0.06   0.069  12.954  107.1 0.296   0.00 73 72
81  -48.29   33.23   4.47   2.94 -16.300    0.40   0.069  12.954  107.1 0.296   0.00 74 73
81   24.36   15.16   6.16   2.89  68.000    0.64   0.068  12.765  106.6 0.296   0.00 75 74
81    3.53  -47.74   3.58   2.85 -29.800    0.23   0.068  12.578  106.1 0.296   0.00 76 75
81   33.50  -15.98   5.50   2.85 -40.300    0.58   0.068  12.578  106.1 0.296   0.00 77 76
81    3.65  -17.52   4.72   2.79  87.300    0.48   0.067  12.303  105.4 0.296   0.00 78 77
81   14.76   82.86   3.95   2.79  21.700    0.33   0.067  12.303  105.4 0.296   0.00 79 78
81   13.53   -0.70   2.95   2.59 -60.100    0.13   0.064  11.429  103.0 0.296   0.00 80 79
81   71.86    9.55   4.44   2.59  38.400    0.49   0.064  11.429  103.0 0.296   0.00 81 80
81   19.91   48.38   4.13   2.53 -30.400    0.45   0.063  11.179  102.2 0.296   0.00 82 81
81   22.56  -40.38   3.75   2.51 -16.000    0.38   0.063  11.097  102.0 0.296   0.00 83 82
81  -57.53  -15.22   6.37   2.41 -62.400    0.75   0.061  10.617  100.6 0.296   0.00 84 83
81  -74.42   64.44   2.97   2.41  62.700    0.21   0.061  10.617  100.6 0.296   0.00 85 84
81  -33.19   73.00   2.62   2.39 -39.700    0.09   0.061  10.539  100.4 0.296   0.00 86 85
81  -36.81  -35.89   2.68   2.37  64.200    0.12   0.060  10.462  100.2 0.296   0.00 87 86
81   13.81  -39.64   3.16   2.23  54.600    0.33   0.058   9.863   98.3 0.296   0.00 88 87
81  -18.43  -21.82   3.88   2.23  78.500    0.50   0.058   9.863   98.3 0.296   0.00 89 88
81   37.35   14.38   2.29   2.23 -27.300    0.02   0.058   9.863   98.3 0.296   0.00 90 89
81   14.32   28.00   2.43   2.22 -82.100    0.09   0.058   9.791   98.1 0.296   0.00 91 90
81    1.08    4.70   3.14   2.15 -67.300    0.36   0.057   9.506   97.2 0.296   0.00 92 91
81  -29.92  -76.74   2.13   1.94  57.200    0.09   0.053   8.575   94.1 0.296   0.00 93 92
81  -32.02   44.42   3.09   1.89 -15.900    0.46   0.052   8.326   93.3 0.296   0.00 94 93
81   68.28  -31.31   8.15   1.86 -10.800    0.90   0.052   8.204   92.8 0.296   0.00 95 94
81    4.58   52.47   2.12   1.75  -9.100    0.19   0.050   7.734   91.1 0.296   0.00 96 95
81   25.74   29.98   2.09   1.73  32.000    0.19   0.049   7.621   90.7 0.296   0.00 97 96
81   17.19    2.13   1.95   1.70 -35.800    0.14   0.049   7.510   90.3 0.296   0.00 98 97
81   20.69  -26.00   1.81   1.64 -53.100    0.10   0.048   7.238   89.3 0.296   0.00 99 98
81  -12.63  -12.89   2.80   1.63 -48.700    0.49   0.048   7.185   89.1 0.296   0.00 100 99
