#REFERENCE 0 104.6588590 -55.9571860
1 104.6588590 -55.9571860 0.0000 0.0000 38.80 0.00
1 104.658859 -55.957186 0.0000 0.0000 38.80 0.00
1 104.6588590 -55.9571860 0.0000 0.0000 38.80 0.00
1 104.6588590 -55.9571860 11.7813 3.9271 38.80 645.06
2 104.6469274 -55.9490954 0.0000 0.0000 72.28 0.00
2 104.646927 -55.949095 0.0000 0.0000 72.28 0.00
2 104.6469274 -55.9490954 0.0000 0.0000 72.28 0.00
2 104.6469274 -55.9490954 10.3213 3.4690 72.28 502.25
3 104.6588590 -55.9571860 0.0000 0.0000 43.50 0.00
3 104.658859 -55.957186 0.0000 0.0000 43.50 0.00
3 104.6588590 -55.9571860 0.0000 0.0000 43.50 0.00
3 104.6588590 -55.9571860 2.3044 1.7698 43.50 15.01
4 104.6469274 -55.9490954 0.0000 0.0000 37.40 0.00
4 104.646927 -55.949095 0.0000 0.0000 37.40 0.00
4 104.6469274 -55.9490954 0.0000 0.0000 37.40 0.00
4 104.6469274 -55.9490954 1.7688 1.4442 37.40 7.10
5 104.6330845 -55.9435941 0.0000 0.0000 9.90 0.00
5 104.633084 -55.943594 0.0000 0.0000 9.90 0.00
5 104.6330845 -55.9435941 0.0000 0.0000 9.90 0.00
5 104.6330845 -55.9435941 1.6970 1.4845 9.90 6.17
6 104.6778872 -55.9765882 0.0000 0.0000 78.00 0.00
6 104.677887 -55.976588 0.0000 0.0000 78.00 0.00
6 104.6778872 -55.9765882 0.0000 0.0000 78.00 0.00
6 104.6778872 -55.9765882 1.6516 1.3925 78.00 8.45
7 104.6592584 -55.9406727 0.0000 0.0000 -22.30 0.00
7 104.659258 -55.940673 0.0000 0.0000 -22.30 0.00
7 104.6592584 -55.9406727 0.0000 0.0000 -22.30 0.00
7 104.6592584 -55.9406727 2.6219 1.0424 -22.30 5.17
8 104.6423907 -55.9383746 0.0000 0.0000 -3.50 0.00
8 104.642391 -55.938375 0.0000 0.0000 -3.50 0.00
8 104.6423907 -55.9383746 0.0000 0.0000 -3.50 0.00
8 104.6423907 -55.9383746 1.9111 1.0798 -3.50 4.42
9 104.6376495 -55.9431077 0.0000 0.0000 -21.70 0.00
9 104.637650 -55.943108 0.0000 0.0000 -21.70 0.00
9 104.6376495 -55.9431077 0.0000 0.0000 -21.70 0.00
9 104.6376495 -55.9431077 1.2894 1.2289 -21.70 3.32
10 104.6558630 -55.9569946 0.0000 0.0000 -34.50 0.00
10 104.655863 -55.956995 0.0000 0.0000 -34.50 0.00
10 104.6558630 -55.9569946 0.0000 0.0000 -34.50 0.00
10 104.6558630 -55.9569946 2.8458 0.8701 -34.50 2.34
11 104.6355948 -55.9332818 0.0000 0.0000 -12.90 0.00
11 104.635595 -55.933282 0.0000 0.0000 -12.90 0.00
11 104.6355948 -55.9332818 0.0000 0.0000 -12.90 0.00
11 104.6355948 -55.9332818 1.3747 1.0121 -12.90 2.10
12 104.6583286 -55.9563107 0.0000 0.0000 18.40 0.00
12 104.658329 -55.956311 0.0000 0.0000 18.40 0.00
12 104.6583286 -55.9563107 0.0000 0.0000 18.40 0.00
12 104.6583286 -55.9563107 1.5851 0.9213 18.40 1.87
13 104.6503160 -55.9495538 0.0000 0.0000 40.20 0.00
13 104.650316 -55.949554 0.0000 0.0000 40.20 0.00
13 104.6503160 -55.9495538 0.0000 0.0000 40.20 0.00
13 104.6503160 -55.9495538 1.1996 1.0229 40.20 1.66
14 104.6562644 -55.9507943 0.0000 0.0000 -49.00 0.00
14 104.656264 -55.950794 0.0000 0.0000 -49.00 0.00
14 104.6562644 -55.9507943 0.0000 0.0000 -49.00 0.00
14 104.6562644 -55.9507943 1.1569 1.0433 -49.00 1.62
15 104.6562371 -55.9634591 0.0000 0.0000 -32.50 0.00
15 104.656237 -55.963459 0.0000 0.0000 -32.50 0.00
15 104.6562371 -55.9634591 0.0000 0.0000 -32.50 0.00
15 104.6562371 -55.9634591 1.2681 0.9645 -32.50 1.54
16 104.6550631 -55.9465143 0.0000 0.0000 -22.80 0.00
16 104.655063 -55.946514 0.0000 0.0000 -22.80 0.00
16 104.6550631 -55.9465143 0.0000 0.0000 -22.80 0.00
16 104.6550631 -55.9465143 1.2216 0.9758 -22.80 1.49
17 104.6310392 -55.9343082 0.0000 0.0000 17.80 0.00
17 104.631039 -55.934308 0.0000 0.0000 17.80 0.00
17 104.6310392 -55.9343082 0.0000 0.0000 17.80 0.00
17 104.6310392 -55.9343082 1.6784 0.8484 17.80 1.43
18 104.6535879 -55.9379974 0.0000 0.0000 -37.40 0.00
18 104.653588 -55.937997 0.0000 0.0000 -37.40 0.00
18 104.6535879 -55.9379974 0.0000 0.0000 -37.40 0.00
18 104.6535879 -55.9379974 1.3335 0.9074 -37.40 1.37
19 104.6202037 -55.9475321 0.0000 0.0000 33.60 0.00
19 104.620204 -55.947532 0.0000 0.0000 33.60 0.00
19 104.6202037 -55.9475321 0.0000 0.0000 33.60 0.00
19 104.6202037 -55.9475321 2.3916 0.7861 33.60 1.33
20 104.6511625 -55.9588171 0.0000 0.0000 -64.30 0.00
20 104.651162 -55.958817 0.0000 0.0000 -64.30 0.00
20 104.6511625 -55.9588171 0.0000 0.0000 -64.30 0.00
20 104.6511625 -55.9588171 2.0634 0.7905 -64.30 1.26
21 104.6585543 -55.9626046 0.0000 0.0000 -55.00 0.00
21 104.658554 -55.962605 0.0000 0.0000 -55.00 0.00
21 104.6585543 -55.9626046 0.0000 0.0000 -55.00 0.00
21 104.6585543 -55.9626046 1.1764 0.9446 -55.00 1.24
22 104.6957608 -55.9329891 0.0000 0.0000 5.90 0.00
22 104.695761 -55.932989 0.0000 0.0000 5.90 0.00
22 104.6957608 -55.9329891 0.0000 0.0000 5.90 0.00
22 104.6957608 -55.9329891 1.5433 0.8161 5.90 1.12
23 104.6480731 -55.9511091 0.0000 0.0000 -78.60 0.00
23 104.648073 -55.951109 0.0000 0.0000 -78.60 0.00
23 104.6480731 -55.9511091 0.0000 0.0000 -78.60 0.00
23 104.6480731 -55.9511091 1.2824 0.8496 -78.60 1.01
24 104.6821714 -55.9334724 0.0000 0.0000 72.60 0.00
24 104.682171 -55.933472 0.0000 0.0000 72.60 0.00
24 104.6821714 -55.9334724 0.0000 0.0000 72.60 0.00
24 104.6821714 -55.9334724 1.0437 0.9642 72.60 1.01
25 104.6309677 -55.9679371 0.0000 0.0000 4.20 0.00
25 104.630968 -55.967937 0.0000 0.0000 4.20 0.00
25 104.6309677 -55.9679371 0.0000 0.0000 4.20 0.00
25 104.6309677 -55.9679371 1.1493 0.8960 4.20 1.00
26 104.6728518 -55.9534963 0.0000 0.0000 11.70 0.00
26 104.672852 -55.953496 0.0000 0.0000 11.70 0.00
26 104.6728518 -55.9534963 0.0000 0.0000 11.70 0.00
26 104.6728518 -55.9534963 1.0129 0.9732 11.70 0.97
27 104.6640572 -55.9587882 0.0000 0.0000 7.50 0.00
27 104.664057 -55.958788 0.0000 0.0000 7.50 0.00
27 104.6640572 -55.9587882 0.0000 0.0000 7.50 0.00
27 104.6640572 -55.9587882 1.1695 0.8648 7.50 0.92
28 104.6616367 -55.9679835 0.0000 0.0000 8.00 0.00
28 104.661637 -55.967984 0.0000 0.0000 8.00 0.00
28 104.6616367 -55.9679835 0.0000 0.0000 8.00 0.00
28 104.6616367 -55.9679835 1.1830 0.8078 8.00 0.74
29 104.6824324 -55.9514777 0.0000 0.0000 11.10 0.00
29 104.682432 -55.951478 0.0000 0.0000 11.10 0.00
29 104.6824324 -55.9514777 0.0000 0.0000 11.10 0.00
29 104.6824324 -55.9514777 1.2069 0.8005 11.10 0.74
30 104.6301356 -55.9475866 0.0000 0.0000 -66.80 0.00
30 104.630136 -55.947587 0.0000 0.0000 -66.80 0.00
30 104.6301356 -55.9475866 0.0000 0.0000 -66.80 0.00
30 104.6301356 -55.9475866 1.1189 0.8192 -66.80 0.71
31 104.6543218 -55.9419832 0.0000 0.0000 39.60 0.00
31 104.654322 -55.941983 0.0000 0.0000 39.60 0.00
31 104.6543218 -55.9419832 0.0000 0.0000 39.60 0.00
31 104.6543218 -55.9419832 1.3884 0.7427 39.60 0.67
32 104.6476643 -55.9554057 0.0000 0.0000 -5.90 0.00
32 104.647664 -55.955406 0.0000 0.0000 -5.90 0.00
32 104.6476643 -55.9554057 0.0000 0.0000 -5.90 0.00
32 104.6476643 -55.9554057 1.3915 0.7379 -5.90 0.66
33 104.6236885 -55.9346591 0.0000 0.0000 10.90 0.00
33 104.623688 -55.934659 0.0000 0.0000 10.90 0.00
33 104.6236885 -55.9346591 0.0000 0.0000 10.90 0.00
33 104.6236885 -55.9346591 1.0325 0.8343 10.90 0.64
34 104.6473239 -55.9787502 0.0000 0.0000 -21.20 0.00
34 104.647324 -55.978750 0.0000 0.0000 -21.20 0.00
34 104.6473239 -55.9787502 0.0000 0.0000 -21.20 0.00
34 104.6473239 -55.9787502 1.0887 0.8024 -21.20 0.63
35 104.6728394 -55.9497427 0.0000 0.0000 52.50 0.00
35 104.672839 -55.949743 0.0000 0.0000 52.50 0.00
35 104.6728394 -55.9497427 0.0000 0.0000 52.50 0.00
35 104.6728394 -55.9497427 1.0213 0.8339 52.50 0.63
36 104.6234503 -55.9644627 0.0000 0.0000 -18.50 0.00
36 104.623450 -55.964463 0.0000 0.0000 -18.50 0.00
36 104.6234503 -55.9644627 0.0000 0.0000 -18.50 0.00
36 104.6234503 -55.9644627 1.5283 0.7087 -18.50 0.61
37 104.6168851 -55.9593674 0.0000 0.0000 16.00 0.00
37 104.616885 -55.959367 0.0000 0.0000 16.00 0.00
37 104.6168851 -55.9593674 0.0000 0.0000 16.00 0.00
37 104.6168851 -55.9593674 0.9951 0.8134 16.00 0.55
38 104.6514785 -55.9547499 0.0000 0.0000 86.80 0.00
38 104.651479 -55.954750 0.0000 0.0000 86.80 0.00
38 104.6514785 -55.9547499 0.0000 0.0000 86.80 0.00
38 104.6514785 -55.9547499 1.0470 0.7827 86.80 0.54
39 104.6540558 -55.9464224 0.0000 0.0000 -56.70 0.00
39 104.654056 -55.946422 0.0000 0.0000 -56.70 0.00
39 104.6540558 -55.9464224 0.0000 0.0000 -56.70 0.00
39 104.6540558 -55.9464224 1.0604 0.7773 -56.70 0.54
40 104.6359332 -55.9752885 0.0000 0.0000 79.30 0.00
40 104.635933 -55.975288 0.0000 0.0000 79.30 0.00
40 104.6359332 -55.9752885 0.0000 0.0000 79.30 0.00
40 104.6359332 -55.9752885 0.9795 0.7881 79.30 0.48
41 104.6650957 -55.9366235 0.0000 0.0000 -69.80 0.00
41 104.665096 -55.936624 0.0000 0.0000 -69.80 0.00
41 104.6650957 -55.9366235 0.0000 0.0000 -69.80 0.00
41 104.6650957 -55.9366235 1.3000 0.6864 -69.80 0.45
42 104.6621984 -55.9627907 0.0000 0.0000 -73.60 0.00
42 104.662198 -55.962791 0.0000 0.0000 -73.60 0.00
42 104.6621984 -55.9627907 0.0000 0.0000 -73.60 0.00
42 104.6621984 -55.9627907 1.3264 0.6632 -73.60 0.40
43 104.6583489 -55.9588857 0.0000 0.0000 -36.80 0.00
43 104.658349 -55.958886 0.0000 0.0000 -36.80 0.00
43 104.6583489 -55.9588857 0.0000 0.0000 -36.80 0.00
43 104.6583489 -55.9588857 1.0118 0.7246 -36.80 0.39
44 104.6707340 -55.9502035 0.0000 0.0000 17.60 0.00
44 104.670734 -55.950204 0.0000 0.0000 17.60 0.00
44 104.6707340 -55.9502035 0.0000 0.0000 17.60 0.00
44 104.6707340 -55.9502035 1.0408 0.7050 17.60 0.37
45 104.6456051 -55.9477146 0.0000 0.0000 -23.40 0.00
45 104.645605 -55.947715 0.0000 0.0000 -23.40 0.00
45 104.6456051 -55.9477146 0.0000 0.0000 -23.40 0.00
45 104.6456051 -55.9477146 0.9191 0.7528 -23.40 0.37
46 104.6849124 -55.9559643 0.0000 0.0000 -86.50 0.00
46 104.684912 -55.955964 0.0000 0.0000 -86.50 0.00
46 104.6849124 -55.9559643 0.0000 0.0000 -86.50 0.00
46 104.6849124 -55.9559643 0.8532 0.7867 -86.50 0.35
47 104.6452433 -55.9498802 0.0000 0.0000 87.90 0.00
47 104.645243 -55.949880 0.0000 0.0000 87.90 0.00
47 104.6452433 -55.9498802 0.0000 0.0000 87.90 0.00
47 104.6452433 -55.9498802 0.9421 0.7220 87.90 0.34
48 104.6482786 -55.9639727 0.0000 0.0000 77.20 0.00
48 104.648279 -55.963973 0.0000 0.0000 77.20 0.00
48 104.6482786 -55.9639727 0.0000 0.0000 77.20 0.00
48 104.6482786 -55.9639727 1.7367 0.5901 77.20 0.29
49 104.6352057 -55.9296882 0.0000 0.0000 0.80 0.00
49 104.635206 -55.929688 0.0000 0.0000 0.80 0.00
49 104.6352057 -55.9296882 0.0000 0.0000 0.80 0.00
49 104.6352057 -55.9296882 0.8028 0.7644 0.80 0.28
50 104.6764388 -55.9783268 0.0000 0.0000 3.60 0.00
50 104.676439 -55.978327 0.0000 0.0000 3.60 0.00
50 104.6764388 -55.9783268 0.0000 0.0000 3.60 0.00
50 104.6764388 -55.9783268 0.7923 0.7704 3.60 0.28
51 104.6238919 -55.9315210 0.0000 0.0000 -20.20 0.00
51 104.623892 -55.931521 0.0000 0.0000 -20.20 0.00
51 104.6238919 -55.9315210 0.0000 0.0000 -20.20 0.00
51 104.6238919 -55.9315210 0.9592 0.6732 -20.20 0.27
52 104.6277260 -55.9663763 0.0000 0.0000 -52.40 0.00
52 104.627726 -55.966376 0.0000 0.0000 -52.40 0.00
52 104.6277260 -55.9663763 0.0000 0.0000 -52.40 0.00
52 104.6277260 -55.9663763 0.9711 0.6669 -52.40 0.27
53 104.6752757 -55.9770685 0.0000 0.0000 38.40 0.00
53 104.675276 -55.977069 0.0000 0.0000 38.40 0.00
53 104.6752757 -55.9770685 0.0000 0.0000 38.40 0.00
53 104.6752757 -55.9770685 0.8217 0.7336 38.40 0.26
54 104.6545535 -55.9598043 0.0000 0.0000 -42.20 0.00
54 104.654553 -55.959804 0.0000 0.0000 -42.20 0.00
54 104.6545535 -55.9598043 0.0000 0.0000 -42.20 0.00
54 104.6545535 -55.9598043 0.8475 0.7138 -42.20 0.26
55 104.6580075 -55.9586354 0.0000 0.0000 -68.70 0.00
55 104.658008 -55.958635 0.0000 0.0000 -68.70 0.00
55 104.6580075 -55.9586354 0.0000 0.0000 -68.70 0.00
55 104.6580075 -55.9586354 0.9447 0.6645 -68.70 0.26
56 104.6479679 -55.9481218 0.0000 0.0000 40.50 0.00
56 104.647968 -55.948122 0.0000 0.0000 40.50 0.00
56 104.6479679 -55.9481218 0.0000 0.0000 40.50 0.00
56 104.6479679 -55.9481218 0.9200 0.6736 40.50 0.26
57 104.6614665 -55.9630843 0.0000 0.0000 -68.30 0.00
57 104.661467 -55.963084 0.0000 0.0000 -68.30 0.00
57 104.6614665 -55.9630843 0.0000 0.0000 -68.30 0.00
57 104.6614665 -55.9630843 0.9453 0.6619 -68.30 0.25
58 104.6595879 -55.9360177 0.0000 0.0000 32.20 0.00
58 104.659588 -55.936018 0.0000 0.0000 32.20 0.00
58 104.6595879 -55.9360177 0.0000 0.0000 32.20 0.00
58 104.6595879 -55.9360177 1.0251 0.6369 32.20 0.25
59 104.6327143 -55.9429477 0.0000 0.0000 87.80 0.00
59 104.632714 -55.942948 0.0000 0.0000 87.80 0.00
59 104.6327143 -55.9429477 0.0000 0.0000 87.80 0.00
59 104.6327143 -55.9429477 0.8275 0.7092 87.80 0.24
60 104.6806848 -55.9413907 0.0000 0.0000 71.40 0.00
60 104.680685 -55.941391 0.0000 0.0000 71.40 0.00
60 104.6806848 -55.9413907 0.0000 0.0000 71.40 0.00
60 104.6806848 -55.9413907 0.9331 0.6571 71.40 0.24
61 104.6397201 -55.9590104 0.0000 0.0000 -40.50 0.00
61 104.639720 -55.959010 0.0000 0.0000 -40.50 0.00
61 104.6397201 -55.9590104 0.0000 0.0000 -40.50 0.00
61 104.6397201 -55.9590104 0.8630 0.6713 -40.50 0.22
62 104.6492948 -55.9729482 0.0000 0.0000 -4.50 0.00
62 104.649295 -55.972948 0.0000 0.0000 -4.50 0.00
62 104.6492948 -55.9729482 0.0000 0.0000 -4.50 0.00
62 104.6492948 -55.9729482 0.9878 0.6198 -4.50 0.21
63 104.6485306 -55.9390457 0.0000 0.0000 -34.30 0.00
63 104.648531 -55.939046 0.0000 0.0000 -34.30 0.00
63 104.6485306 -55.9390457 0.0000 0.0000 -34.30 0.00
63 104.6485306 -55.9390457 0.9195 0.6395 -34.30 0.21
64 104.6517634 -55.9514721 0.0000 0.0000 -73.20 0.00
64 104.651763 -55.951472 0.0000 0.0000 -73.20 0.00
64 104.6517634 -55.9514721 0.0000 0.0000 -73.20 0.00
64 104.6517634 -55.9514721 0.8356 0.6723 -73.20 0.21
65 104.6709970 -55.9748041 0.0000 0.0000 -74.80 0.00
65 104.670997 -55.974804 0.0000 0.0000 -74.80 0.00
65 104.6709970 -55.9748041 0.0000 0.0000 -74.80 0.00
65 104.6709970 -55.9748041 0.9805 0.6137 -74.80 0.20
66 104.6282818 -55.9379285 0.0000 0.0000 -21.50 0.00
66 104.628282 -55.937928 0.0000 0.0000 -21.50 0.00
66 104.6282818 -55.9379285 0.0000 0.0000 -21.50 0.00
66 104.6282818 -55.9379285 0.9902 0.6075 -21.50 0.20
67 104.6722206 -55.9595013 0.0000 0.0000 -49.40 0.00
67 104.672221 -55.959501 0.0000 0.0000 -49.40 0.00
67 104.6722206 -55.9595013 0.0000 0.0000 -49.40 0.00
67 104.6722206 -55.9595013 0.7621 0.6998 -49.40 0.19
68 104.6378525 -55.9533527 0.0000 0.0000 39.90 0.00
68 104.637852 -55.953353 0.0000 0.0000 39.90 0.00
68 104.6378525 -55.9533527 0.0000 0.0000 39.90 0.00
68 104.6378525 -55.9533527 0.7921 0.6761 39.90 0.19
69 104.6419739 -55.9657899 0.0000 0.0000 73.40 0.00
69 104.641974 -55.965790 0.0000 0.0000 73.40 0.00
69 104.6419739 -55.9657899 0.0000 0.0000 73.40 0.00
69 104.6419739 -55.9657899 0.9753 0.6014 73.40 0.19
70 104.6530416 -55.9388866 0.0000 0.0000 -12.70 0.00
70 104.653042 -55.938887 0.0000 0.0000 -12.70 0.00
70 104.6530416 -55.9388866 0.0000 0.0000 -12.70 0.00
70 104.6530416 -55.9388866 1.1621 0.5637 -12.70 0.18
71 104.6524655 -55.9522363 0.0000 0.0000 65.00 0.00
71 104.652465 -55.952236 0.0000 0.0000 65.00 0.00
71 104.6524655 -55.9522363 0.0000 0.0000 65.00 0.00
71 104.6524655 -55.9522363 0.7964 0.6503 65.00 0.17
72 104.6538658 -55.9564807 0.0000 0.0000 -88.80 0.00
72 104.653866 -55.956481 0.0000 0.0000 -88.80 0.00
72 104.6538658 -55.9564807 0.0000 0.0000 -88.80 0.00
72 104.6538658 -55.9564807 0.8837 0.6048 -88.80 0.16
73 104.6620074 -55.9651010 0.0000 0.0000 -58.30 0.00
73 104.662007 -55.965101 0.0000 0.0000 -58.30 0.00
73 104.6620074 -55.9651010 0.0000 0.0000 -58.30 0.00
73 104.6620074 -55.9651010 0.7271 0.6833 -58.30 0.16
74 104.6828199 -55.9479549 0.0000 0.0000 -16.30 0.00
74 104.682820 -55.947955 0.0000 0.0000 -16.30 0.00
74 104.6828199 -55.9479549 0.0000 0.0000 -16.30 0.00
74 104.6828199 -55.9479549 0.9076 0.5956 -16.30 0.16
75 104.6467691 -55.9529738 0.0000 0.0000 68.00 0.00
75 104.646769 -55.952974 0.0000 0.0000 68.00 0.00
75 104.6467691 -55.9529738 0.0000 0.0000 68.00 0.00
75 104.6467691 -55.9529738 1.1667 0.5475 68.00 0.16
76 104.6571069 -55.9704482 0.0000 0.0000 -29.80 0.00
76 104.657107 -55.970448 0.0000 0.0000 -29.80 0.00
76 104.6571069 -55.9704482 0.0000 0.0000 -29.80 0.00
76 104.6571069 -55.9704482 0.7926 0.6304 -29.80 0.15
77 104.6422344 -55.9616252 0.0000 0.0000 -40.30 0.00
77 104.642234 -55.961625 0.0000 0.0000 -40.30 0.00
77 104.6422344 -55.9616252 0.0000 0.0000 -40.30 0.00
77 104.6422344 -55.9616252 1.0728 0.5556 -40.30 0.15
78 104.6570484 -55.9620521 0.0000 0.0000 87.30 0.00
78 104.657048 -55.962052 0.0000 0.0000 87.30 0.00
78 104.6570484 -55.9620521 0.0000 0.0000 87.30 0.00
78 104.6570484 -55.9620521 0.9628 0.5692 87.30 0.15
79 104.6515356 -55.9341696 0.0000 0.0000 21.70 0.00
79 104.651536 -55.934170 0.0000 0.0000 21.70 0.00
79 104.6515356 -55.9341696 0.0000 0.0000 21.70 0.00
79 104.6515356 -55.9341696 0.8491 0.6000 21.70 0.15
80 104.6521444 -55.9573799 0.0000 0.0000 -60.10 0.00
80 104.652144 -55.957380 0.0000 0.0000 -60.10 0.00
80 104.6521444 -55.9573799 0.0000 0.0000 -60.10 0.00
80 104.6521444 -55.9573799 0.7252 0.6376 -60.10 0.13
81 104.6232007 -55.9545329 0.0000 0.0000 38.40 0.00
81 104.623201 -55.954533 0.0000 0.0000 38.40 0.00
81 104.6232007 -55.9545329 0.0000 0.0000 38.40 0.00
81 104.6232007 -55.9545329 0.9501 0.5544 38.40 0.13
82 104.6489777 -55.9437463 0.0000 0.0000 -30.40 0.00
82 104.648978 -55.943746 0.0000 0.0000 -30.40 0.00
82 104.6489777 -55.9437463 0.0000 0.0000 -30.40 0.00
82 104.6489777 -55.9437463 0.9101 0.5577 -30.40 0.13
83 104.6476638 -55.9684027 0.0000 0.0000 -16.00 0.00
83 104.647664 -55.968403 0.0000 0.0000 -16.00 0.00
83 104.6476638 -55.9684027 0.0000 0.0000 -16.00 0.00
83 104.6476638 -55.9684027 0.8521 0.5712 -16.00 0.13
84 104.6874053 -55.9614146 0.0000 0.0000 -62.40 0.00
84 104.687405 -55.961415 0.0000 0.0000 -62.40 0.00
84 104.6874053 -55.9614146 0.0000 0.0000 -62.40 0.00
84 104.6874053 -55.9614146 1.3235 0.5002 -62.40 0.12
85 104.6957866 -55.9392857 0.0000 0.0000 62.70 0.00
85 104.695787 -55.939286 0.0000 0.0000 62.70 0.00
85 104.6957866 -55.9392857 0.0000 0.0000 62.70 0.00
85 104.6957866 -55.9392857 0.7441 0.6018 62.70 0.12
86 104.6753263 -55.9369071 0.0000 0.0000 -39.70 0.00
86 104.675326 -55.936907 0.0000 0.0000 -39.70 0.00
86 104.6753263 -55.9369071 0.0000 0.0000 -39.70 0.00
86 104.6753263 -55.9369071 0.6933 0.6315 -39.70 0.12
87 104.6771260 -55.9671557 0.0000 0.0000 64.20 0.00
87 104.677126 -55.967156 0.0000 0.0000 64.20 0.00
87 104.6771260 -55.9671557 0.0000 0.0000 64.20 0.00
87 104.6771260 -55.9671557 0.7026 0.6221 64.20 0.11
88 104.6520065 -55.9681968 0.0000 0.0000 54.60 0.00
88 104.652007 -55.968197 0.0000 0.0000 54.60 0.00
88 104.6520065 -55.9681968 0.0000 0.0000 54.60 0.00
88 104.6520065 -55.9681968 0.7918 0.5601 54.60 0.10
89 104.6680029 -55.9632482 0.0000 0.0000 78.50 0.00
89 104.668003 -55.963248 0.0000 0.0000 78.50 0.00
89 104.6680029 -55.9632482 0.0000 0.0000 78.50 0.00
89 104.6680029 -55.9632482 0.9164 0.5277 78.50 0.10
90 104.6403260 -55.9531918 0.0000 0.0000 -27.30 0.00
90 104.640326 -55.953192 0.0000 0.0000 -27.30 0.00
90 104.6403260 -55.9531918 0.0000 0.0000 -27.30 0.00
90 104.6403260 -55.9531918 0.6543 0.6394 -27.30 0.10
91 104.6517539 -55.9494082 0.0000 0.0000 -82.10 0.00
91 104.651754 -55.949408 0.0000 0.0000 -82.10 0.00
91 104.6517539 -55.9494082 0.0000 0.0000 -82.10 0.00
91 104.6517539 -55.9494082 0.6760 0.6183 -82.10 0.10
92 104.6583221 -55.9558799 0.0000 0.0000 -67.30 0.00
92 104.658322 -55.955880 0.0000 0.0000 -67.30 0.00
92 104.6583221 -55.9558799 0.0000 0.0000 -67.30 0.00
92 104.6583221 -55.9558799 0.7997 0.5480 -67.30 0.10
93 104.6737067 -55.9785032 0.0000 0.0000 57.20 0.00
93 104.673707 -55.978503 0.0000 0.0000 57.20 0.00
93 104.6737067 -55.9785032 0.0000 0.0000 57.20 0.00
93 104.6737067 -55.9785032 0.6489 0.5929 57.20 0.08
94 104.6747463 -55.9448468 0.0000 0.0000 -15.90 0.00
94 104.674746 -55.944847 0.0000 0.0000 -15.90 0.00
94 104.6747463 -55.9448468 0.0000 0.0000 -15.90 0.00
94 104.6747463 -55.9448468 0.8323 0.5081 -15.90 0.08
95 104.6249786 -55.9658827 0.0000 0.0000 -10.80 0.00
95 104.624979 -55.965883 0.0000 0.0000 -10.80 0.00
95 104.6249786 -55.9658827 0.0000 0.0000 -10.80 0.00
95 104.6249786 -55.9658827 1.9404 0.4428 -10.80 0.08
96 104.6565879 -55.9426099 0.0000 0.0000 -9.10 0.00
96 104.656588 -55.942610 0.0000 0.0000 -9.10 0.00
96 104.6565879 -55.9426099 0.0000 0.0000 -9.10 0.00
96 104.6565879 -55.9426099 0.6656 0.5497 -9.10 0.07
97 104.6460854 -55.9488591 0.0000 0.0000 32.00 0.00
97 104.646085 -55.948859 0.0000 0.0000 32.00 0.00
97 104.6460854 -55.9488591 0.0000 0.0000 32.00 0.00
97 104.6460854 -55.9488591 0.6629 0.5469 32.00 0.07
98 104.6503303 -55.9565932 0.0000 0.0000 -35.80 0.00
98 104.650330 -55.956593 0.0000 0.0000 -35.80 0.00
98 104.6503303 -55.9565932 0.0000 0.0000 -35.80 0.00
98 104.6503303 -55.9565932 0.6393 0.5570 -35.80 0.07
99 104.6485932 -55.9644085 0.0000 0.0000 -53.10 0.00
99 104.648593 -55.964408 0.0000 0.0000 -53.10 0.00
99 104.6485932 -55.9644085 0.0000 0.0000 -53.10 0.00
99 104.6485932 -55.9644085 0.6188 0.5598 -53.10 0.06
100 104.6651250 -55.9607668 0.0000 0.0000 -48.70 0.00
100 104.665125 -55.960767 0.0000 0.0000 -48.70 0.00
100 104.6651250 -55.9607668 0.0000 0.0000 -48.70 0.00
100 104.6651250 -55.9607668 0.8242 0.4790 -48.70 0.06
