#REFERENCE 3 248.9546040 66.2122420
1 374.5077881 93.9713464 1.031 0.918 15.16 1.5000 0.65 
2 385.0724902 -619.6744575 1.020 0.973 121.34 1.5000 1.17 
3 223.0166099 396.0947022 1.031 0.945 62.46 1.5000 2.02 
4 -918.4261836 -86.9029995 1.015 0.976 4.16 1.5000 2.51 
5 46.4605178 -9.1127052 0.953 0.547 172.11 1.5000 3.40 
6 -1053.6903222 -98.2725056 1.012 0.981 4.20 1.5000 2.72 
7 452.5345130 -389.9705324 1.024 0.962 138.10 1.5000 2.92 
8 297.8079520 -123.9643214 1.035 0.905 157.15 1.5000 2.99 
9 1282.4582798 -81.3551689 1.009 0.987 175.83 1.5000 3.03 
10 514.1096709 377.8050648 1.022 0.962 38.43 1.5000 3.08 
11 -1044.3945487 -493.4986538 1.011 0.984 26.26 1.5000 3.16 
12 60.2947757 207.6968025 1.045 0.869 74.48 1.5000 3.27 
13 74.7492990 -382.7672311 1.035 0.935 102.79 1.5000 3.25 
14 -241.6885840 136.7011328 1.038 0.892 145.75 1.5000 3.34 
15 62.0847521 -32.7336385 0.991 0.644 156.70 1.5000 3.75 
16 1018.1649052 -425.0291413 1.011 0.985 155.92 1.5000 3.27 
17 -628.1843345 257.5782608 1.021 0.966 154.07 1.5000 3.29 
18 692.1148212 -290.9694310 1.018 0.971 155.86 1.5000 3.29 
19 1027.9030692 171.3032158 1.012 0.982 9.95 1.5000 3.31 
20 66.0859787 -502.0545930 1.029 0.954 99.07 1.5000 3.35 
21 510.2804935 -172.1706247 1.025 0.951 160.44 1.5000 3.39 
22 45.9680928 6.9858494 0.969 0.520 9.26 1.5000 4.11 
23 -1022.1280759 450.0535031 1.011 0.985 153.25 1.5000 3.39 
24 3.6861365 -11.7801851 0.728 0.373 145.82 1.5000 4.83 
25 248.9697778 148.8853080 1.037 0.890 32.39 1.5000 3.50 
26 -27.3992926 395.6854000 1.035 0.938 93.57 1.5000 3.45 
27 -544.5808949 -354.4553213 1.022 0.960 34.65 1.5000 3.44 
28 900.2172144 -168.3989287 1.014 0.978 168.49 1.5000 3.43 
29 99.2173641 286.9098745 1.040 0.910 72.02 1.5000 3.48 
30 740.0551814 512.1211500 1.015 0.978 36.73 1.5000 3.45 
31 722.2465972 416.6185795 1.016 0.975 31.87 1.5000 3.46 
32 -1084.9689974 148.1238203 1.012 0.983 169.95 1.5000 3.46 
33 -1139.4041709 -191.5943463 1.011 0.984 8.92 1.5000 3.47 
34 36.3336957 -139.5817675 1.037 0.810 109.50 1.5000 3.65 
35 551.9574227 225.5934934 1.023 0.956 23.76 1.5000 3.49 
36 437.2955452 180.2174797 1.028 0.939 23.90 1.5000 3.52 
37 198.9114801 -552.5005404 1.025 0.963 110.29 1.5000 3.52 
38 -238.3595555 202.4269765 1.038 0.911 135.40 1.5000 3.57 
39 524254.7879322 -73.5593548 1.000 1.000 0.00 1.5000 3.52 
40 218.2182340 -101.5535409 1.037 0.868 155.37 1.5000 3.64 
41 -408.3647825 -206.5696222 1.029 0.930 27.47 1.5000 3.58 
42 -714.9844779 68.1058455 1.019 0.966 171.97 1.5000 3.55 
43 1322.0142391 -26.8697745 1.009 0.988 178.46 1.5000 3.55 
44 -418.9253883 80.3310569 1.030 0.928 165.50 1.5000 3.60 
45 -823.7430269 15.8461870 1.017 0.972 176.87 1.5000 3.58 
46 -531.4962885 213.8312291 1.025 0.956 154.27 1.5000 3.59 
47 -880.0999876 209.2304755 1.015 0.977 163.74 1.5000 3.58 
48 1034.5001715 108.2914068 1.012 0.982 6.19 1.5000 3.59 
49 524339.2959395 188.1931755 1.000 1.000 0.00 1.5000 3.59 
50 -1200.4129577 256.8481843 1.010 0.987 165.51 1.5000 3.60 
51 563.7534477 -589.1354993 1.017 0.977 132.57 1.5000 3.62 
52 -271.0579731 -432.9559316 1.028 0.949 60.96 1.5000 3.65 
53 854.7823510 178.0703222 1.015 0.975 12.50 1.5000 3.64 
54 590.3610791 344.2685656 1.020 0.965 32.17 1.5000 3.67 
55 784.7072679 -138.7032299 1.017 0.972 169.16 1.5000 3.68 
56 614.1643364 -643.7506611 1.015 0.980 132.46 1.5000 3.68 
57 46.7553399 -579.1614444 1.026 0.962 96.21 1.5000 3.70 
58 234.7957975 -9.0228140 1.036 0.853 178.49 1.5000 3.82 
59 -94.9153396 -358.2919351 1.036 0.926 78.39 1.5000 3.73 
60 912.6917646 199.4910424 1.014 0.978 13.08 1.5000 3.70 
61 352.2256283 -183.2634421 1.032 0.928 151.83 1.5000 3.75 
62 686.2251346 -317.3841012 1.018 0.972 153.79 1.5000 3.73 
63 -119.8315284 488.5748654 1.029 0.955 102.63 1.5000 3.74 
64 -495.3083927 489.5795174 1.021 0.970 132.05 1.5000 3.74 
65 -585.2817335 577.1237712 1.017 0.977 132.31 1.5000 3.74 
66 546.9792029 310.7203313 1.022 0.961 31.49 1.5000 3.76 
67 -227.0825915 36.6942174 1.036 0.848 166.09 1.5000 3.88 
68 -570.0799939 -261.4617252 1.022 0.956 25.32 1.5000 3.77 
69 521270.5088727 114.1722119 1.000 1.000 0.00 1.5000 3.75 
70 -1153.0546391 356.9070235 1.010 0.986 160.12 1.5000 3.76 
71 214.3629945 11.5022220 1.036 0.838 3.93 1.5000 3.91 
72 1236.9908059 -233.8711817 1.009 0.987 168.34 1.5000 3.78 
73 429.6936867 -85.2793699 1.029 0.932 168.42 1.5000 3.84 
74 521230.7025692 267.6745484 1.000 1.000 0.00 1.5000 3.81 
75 965.4418965 -238.0991858 1.013 0.981 165.04 1.5000 3.81 
76 -973.8422381 -123.9762920 1.013 0.979 6.27 1.5000 3.84 
77 169.5077414 -152.4428414 1.040 0.870 138.82 1.5000 3.94 
78 616.4582589 -12.7878353 1.022 0.957 178.74 1.5000 3.87 
79 -452.1463275 -531.8768457 1.021 0.967 52.30 1.5000 3.87 
80 -616.6322113 -344.1598640 1.020 0.964 30.41 1.5000 3.88 
81 -9.0260764 -655.8058238 1.023 0.968 91.03 1.5000 3.87 
82 266.5675822 317.8483054 1.032 0.935 52.01 1.5000 3.90 
83 807.6932199 24.4505940 1.017 0.972 1.72 1.5000 3.89 
84 -480.4905425 -338.1742352 1.024 0.954 36.87 1.5000 3.91 
85 -169.2440325 -208.4924115 1.038 0.877 53.76 1.5000 4.00 
86 -1107.8459732 27.1853447 1.011 0.983 176.85 1.5000 3.92 
87 -1126.7197652 384.9930094 1.010 0.986 158.38 1.5000 3.92 
88 757.1971100 -227.6594911 1.017 0.973 162.11 1.5000 3.93 
89 33.5334345 97.5630491 1.034 0.740 71.39 1.5000 4.21 
90 -143.1678212 252.3370144 1.041 0.908 116.66 1.5000 3.98 
91 1026.7903718 -545.8988938 1.011 0.986 150.51 1.5000 3.93 
92 -186.5656237 286.6935228 1.038 0.924 119.97 1.5000 3.98 
93 1307.6401191 -282.4641384 1.009 0.989 166.79 1.5000 3.94 
94 -930.3472109 -330.6078150 1.013 0.979 19.94 1.5000 3.94 
95 524312.3129372 -200.1918109 1.000 1.000 0.00 1.5000 3.95 
96 -1037.3302999 -1.9017375 1.012 0.981 178.43 1.5000 3.96 
97 -128.7255721 -281.4847122 1.039 0.904 68.93 1.5000 4.03 
98 879.1249660 -114.6694278 1.015 0.976 171.86 1.5000 3.98 
99 -78.1844534 -40.1751291 0.989 0.586 22.29 1.5000 4.56 
100 396.1890202 -584.6879202 1.020 0.971 123.49 1.5000 3.99 
101 995.8500702 352.3767785 1.012 0.982 20.70 1.5000 3.99 
102 622.9974462 150.0723842 1.021 0.959 14.51 1.5000 4.01 
103 -898.1837871 420.8258114 1.013 0.982 151.72 1.5000 4.00 
104 940.1440628 -140.3346892 1.014 0.979 170.71 1.5000 4.01 
105 -41.0527544 138.6401789 1.043 0.816 104.19 1.5000 4.18 
106 848.6936727 -152.3575503 1.015 0.976 168.96 1.5000 4.02 
107 -150.1043426 119.0221351 1.041 0.848 136.48 1.5000 4.14 
108 -130.3068029 153.3832410 1.043 0.861 126.13 1.5000 4.14 
109 959.8514344 444.7046969 1.012 0.983 26.40 1.5000 4.03 
110 1133.3021144 375.8763454 1.010 0.986 19.43 1.5000 4.03 
111 -358.7655462 52.9255794 1.033 0.910 167.90 1.5000 4.09 
112 -16.8787352 354.1067007 1.038 0.928 92.38 1.5000 4.06 
113 569.6211499 -620.1955643 1.016 0.978 131.43 1.5000 4.03 
114 1356.1438947 5.5397904 1.008 0.989 179.96 1.5000 4.03 
115 -1060.9277677 -141.3117034 1.012 0.982 6.70 1.5000 4.03 
116 1025.0465800 -185.3179754 1.012 0.982 168.83 1.5000 4.04 
117 687.6064133 -61.3574022 1.020 0.964 174.48 1.5000 4.06 
118 568.0054010 247.2991121 1.022 0.959 25.12 1.5000 4.07 
119 1024.3429732 -10.2322374 1.012 0.981 179.15 1.5000 4.06 
120 521116.0918592 -23.4476871 1.000 1.000 0.00 1.5000 4.05 
121 -744.6890082 351.6923238 1.017 0.975 151.28 1.5000 4.06 
122 81.5861336 -649.3775535 1.023 0.968 98.44 1.5000 4.07 
123 -197.2298175 -285.2912318 1.036 0.912 58.40 1.5000 4.12 
124 72.5546058 55.8296360 1.023 0.686 37.44 1.5000 4.45 
125 -73.8304843 25.1836728 1.000 0.662 152.44 1.5000 4.51 
126 -353.0218067 538.9453815 1.023 0.968 120.61 1.5000 4.08 
127 810.1649090 -409.6794754 1.015 0.979 151.69 1.5000 4.08 
128 -234.1288648 -98.8952863 1.035 0.849 22.09 1.5000 4.22 
129 965.9945660 -564.8459926 1.011 0.985 148.18 1.5000 4.09 
130 717.1946138 482.3673530 1.015 0.977 35.96 1.5000 4.10 
131 -132.1738749 20.0995883 1.025 0.750 164.51 1.5000 4.38 
132 1084.2631488 2.7506932 1.011 0.983 179.90 1.5000 4.10 
133 926.9359987 -575.7512204 1.012 0.985 146.65 1.5000 4.11 
134 -751.0470388 -437.7736110 1.016 0.975 31.64 1.5000 4.11 
135 110.6680937 75.1321124 1.034 0.764 34.82 1.5000 4.36 
136 391.7874407 509.1657097 1.022 0.965 54.62 1.5000 4.13 
137 -3.1178225 -3.0329901 0.417 0.215 56.85 1.5000 6.75 
138 1438.1132110 79.9009299 1.008 0.990 3.10 1.5000 4.13 
139 -766.6379017 -408.9887308 1.016 0.975 29.28 1.5000 4.15 
140 -341.4284330 435.1099698 1.026 0.959 125.03 1.5000 4.15 
141 -495.5685523 -648.3275160 1.017 0.975 55.26 1.5000 4.15 
142 1239.5032807 139.8469652 1.009 0.987 6.63 1.5000 4.14 
143 234.2843544 111.7809747 1.037 0.872 26.82 1.5000 4.25 
144 1053.5925376 86.1336132 1.012 0.982 4.78 1.5000 4.15 
145 551.7148038 36.5781388 1.024 0.949 4.13 1.5000 4.18 
146 994.1282161 -352.5813752 1.012 0.983 159.13 1.5000 4.16 
147 -122.3714901 62.0821278 1.032 0.784 146.47 1.5000 4.38 
148 -822.2764765 494.0412171 1.014 0.981 145.75 1.5000 4.16 
149 453.3758858 -254.5579232 1.027 0.951 149.59 1.5000 4.18 
150 1147.0041394 -157.6146163 1.011 0.985 171.38 1.5000 4.17 
151 -998.2297432 197.7148577 1.013 0.981 166.19 1.5000 4.17 
152 -695.6661739 -487.2622761 1.016 0.974 36.81 1.5000 4.18 
153 173.4318600 452.8221431 1.030 0.951 70.55 1.5000 4.20 
154 1154.2362757 43.1180410 1.011 0.985 2.03 1.5000 4.18 
155 -793.0736907 366.4612798 1.016 0.977 151.84 1.5000 4.19 
156 751.8928806 -355.7848527 1.016 0.976 153.24 1.5000 4.20 
157 807.0705510 290.8179136 1.015 0.975 21.14 1.5000 4.21 
158 536.5069557 266.3881446 1.023 0.957 28.15 1.5000 4.22 
159 827.6371614 -559.4269514 1.013 0.983 144.44 1.5000 4.20 
160 240.9929072 529.2980048 1.025 0.961 67.27 1.5000 4.22 
161 977.9736820 -280.1085735 1.013 0.982 162.81 1.5000 4.22 
162 28.7114237 -317.0421337 1.040 0.915 97.74 1.5000 4.28 
163 1331.3821939 -301.1942419 1.008 0.989 166.21 1.5000 4.23 
164 -1333.3354980 132.2298806 1.009 0.988 172.45 1.5000 4.23 
165 -1201.9697737 28.6287002 1.010 0.985 176.98 1.5000 4.24 
166 238.5949357 174.1842576 1.037 0.894 37.74 1.5000 4.32 
167 926.4650409 82.6136828 1.014 0.978 5.29 1.5000 4.24 
168 71.8961591 -79.8670154 1.023 0.750 136.18 1.5000 4.52 
169 -456.5162499 -462.6251440 1.022 0.962 47.88 1.5000 4.26 
170 -230.9990281 -475.3410151 1.028 0.953 67.11 1.5000 4.27 
171 -1068.4799517 -466.2931230 1.011 0.985 24.38 1.5000 4.25 
172 -498.2154751 -40.2876066 1.026 0.938 2.64 1.5000 4.29 
173 119.8910600 -35.7031705 1.026 0.749 165.11 1.5000 4.54 
174 161.5063855 -497.8543899 1.028 0.956 108.73 1.5000 4.28 
175 -1357.1338262 -195.1055238 1.008 0.988 7.53 1.5000 4.26 
176 521220.0002683 171.8640768 1.000 1.000 0.00 1.5000 4.26 
177 -755.8685921 -213.0050654 1.018 0.969 15.55 1.5000 4.28 
178 -703.9155422 -318.7737287 1.018 0.969 25.15 1.5000 4.29 
179 -1107.0195679 208.3928225 1.011 0.984 166.90 1.5000 4.30 
180 1256.8361420 83.4127517 1.009 0.987 3.79 1.5000 4.31 
181 -677.9088965 134.7109172 1.020 0.964 165.67 1.5000 4.32 
182 -823.2430923 560.6986760 1.013 0.983 142.58 1.5000 4.31 
183 -142.5026680 374.5132388 1.035 0.939 108.92 1.5000 4.34 
184 922.0866091 -298.1525296 1.013 0.980 160.81 1.5000 4.33 
185 832.3635225 130.6132698 1.016 0.974 9.45 1.5000 4.33 
186 112.1467962 -122.2769184 1.038 0.826 134.66 1.5000 4.49 
187 521104.3409582 -88.7225094 1.000 1.000 0.00 1.5000 4.34 
188 -55.4742393 -24.3513147 0.898 0.479 25.80 1.5000 5.26 
189 1080.5895523 315.1213261 1.011 0.984 17.22 1.5000 4.35 
190 -1160.7285757 -266.1067805 1.010 0.985 12.66 1.5000 4.35 
191 -556.1036466 36.3652320 1.025 0.949 173.53 1.5000 4.38 
192 -776.2226633 427.8502905 1.015 0.978 147.77 1.5000 4.36 
193 -337.1480403 412.6628737 1.027 0.957 126.05 1.5000 4.37 
194 -247.3040570 409.2217342 1.030 0.951 118.46 1.5000 4.38 
195 -104.1436684 517.0410435 1.028 0.958 100.47 1.5000 4.38 
196 875.1366386 65.1681385 1.015 0.975 4.41 1.5000 4.37 
197 1367.9100900 216.6825962 1.008 0.989 9.35 1.5000 4.37 
198 142.7235751 -185.1364818 1.041 0.878 128.84 1.5000 4.46 
199 999.7974965 34.7876757 1.013 0.980 1.92 1.5000 4.37 
200 304.4589026 -520.1686557 1.024 0.964 120.08 1.5000 4.38 
201 223.3073030 -675.8021842 1.020 0.972 108.69 1.5000 4.38 
202 -426.3250164 423.6378337 1.024 0.963 131.75 1.5000 4.39 
203 21.5278537 -346.1387452 1.038 0.923 96.05 1.5000 4.42 
204 641.5986032 434.8001956 1.018 0.972 36.19 1.5000 4.39 
205 -600.1568354 117.5621296 1.023 0.957 165.70 1.5000 4.41 
206 661.2061074 230.3694582 1.019 0.965 20.54 1.5000 4.41 
207 -146.8205871 -364.5753331 1.035 0.930 71.33 1.5000 4.44 
208 162.9891260 327.4519263 1.036 0.927 65.12 1.5000 4.45 
209 -84.6129701 -447.4716332 1.032 0.945 82.10 1.5000 4.43 
210 814.9278348 -114.7920391 1.016 0.973 171.27 1.5000 4.42 
211 -448.2868120 6.2973727 1.029 0.929 176.48 1.5000 4.46 
212 643.0361419 -238.8019193 1.020 0.966 158.42 1.5000 4.42 
213 278.8658524 220.7063356 1.034 0.916 40.18 1.5000 4.47 
214 656.1949365 -197.7049765 1.020 0.966 162.16 1.5000 4.43 
215 -616.2689365 42.2517899 1.022 0.956 173.46 1.5000 4.45 
216 -1041.5359638 213.2287621 1.012 0.983 165.86 1.5000 4.43 
217 77.9933095 -101.2024033 1.031 0.784 131.26 1.5000 4.66 
218 -903.5156423 -442.4213794 1.013 0.980 27.13 1.5000 4.44 
219 51.8239254 -469.4572105 1.031 0.949 98.06 1.5000 4.46 
220 1165.3356899 160.8460159 1.010 0.985 8.18 1.5000 4.44 
221 -841.9041926 -281.7874978 1.015 0.975 18.71 1.5000 4.45 
222 184.6654328 -370.1702064 1.034 0.939 117.03 1.5000 4.48 
223 179.3946236 -623.4711886 1.023 0.968 106.70 1.5000 4.46 
224 -650.9888145 -506.8457110 1.017 0.973 39.92 1.5000 4.46 
225 475.1992892 210.6871813 1.026 0.946 25.51 1.5000 4.48 
226 -364.4331535 465.1066285 1.025 0.963 125.05 1.5000 4.47 
227 -1247.4864863 -206.4717582 1.009 0.986 8.82 1.5000 4.46 
228 -851.3269505 -183.7247744 1.016 0.974 11.65 1.5000 4.47 
229 1142.4860720 10.8915441 1.011 0.984 0.32 1.5000 4.46 
230 -627.6001945 -28.5031349 1.022 0.956 0.66 1.5000 4.48 
231 -718.5553736 -620.3495129 1.014 0.979 42.95 1.5000 4.46 
232 1426.0106950 -94.7832970 1.008 0.990 175.65 1.5000 4.47 
233 730.8843761 -479.8953238 1.016 0.978 145.22 1.5000 4.47 
234 557.3966239 -424.0127985 1.020 0.969 141.39 1.5000 4.48 
235 -1173.8777825 -127.3864597 1.010 0.985 5.24 1.5000 4.47 
236 -166.6308171 -452.0963345 1.030 0.947 72.81 1.5000 4.50 
237 -50.7457619 -85.6001277 1.015 0.683 66.01 1.5000 4.87 
238 -626.5419780 -427.1039510 1.019 0.969 36.02 1.5000 4.49 
239 1074.4925714 -348.9407536 1.011 0.985 160.72 1.5000 4.49 
240 193.8743557 253.6495629 1.038 0.910 54.33 1.5000 4.55 
241 1206.3026296 -202.4472294 1.010 0.987 169.58 1.5000 4.49 
242 -739.1878042 -20.9584859 1.019 0.966 179.76 1.5000 4.51 
243 -1232.0024413 49.3093290 1.010 0.986 176.00 1.5000 4.50 
244 1100.5212837 -93.0214028 1.011 0.984 174.57 1.5000 4.50 
245 -245.1567595 -131.5377617 1.035 0.867 28.34 1.5000 4.62 
246 -1359.4777792 30.1111040 1.009 0.988 177.21 1.5000 4.51 
247 -158.0258935 -517.2413072 1.027 0.956 75.86 1.5000 4.53 
248 -462.2523758 406.5092191 1.023 0.964 135.11 1.5000 4.53 
249 -1061.2253173 -360.1469833 1.011 0.983 19.07 1.5000 4.53 
250 -874.1163469 -36.0774517 1.015 0.974 0.75 1.5000 4.54 
251 1349.6271475 -148.5896159 1.008 0.989 173.01 1.5000 4.53 
252 899.0225161 485.2662525 1.012 0.982 30.10 1.5000 4.54 
253 -1351.5986373 -129.0619345 1.009 0.988 4.53 1.5000 4.54 
254 1312.9321133 117.1887362 1.009 0.988 5.18 1.5000 4.54 
255 1221.6536164 -69.8536023 1.010 0.986 176.22 1.5000 4.54 
256 -1.6270637 -548.1013337 1.027 0.958 91.82 1.5000 4.56 
257 96.0936882 -694.1160713 1.021 0.971 99.04 1.5000 4.56 
258 866.8533726 -452.9087660 1.013 0.982 150.91 1.5000 4.55 
259 1196.9761182 301.9408532 1.010 0.986 14.93 1.5000 4.56 
260 458.3130004 -451.9994982 1.022 0.966 134.31 1.5000 4.57 
261 -209.7232595 439.6680238 1.030 0.952 113.29 1.5000 4.58 
262 1201.3708586 -119.5079177 1.010 0.986 173.66 1.5000 4.57 
263 -674.4845824 -113.5685749 1.020 0.961 8.51 1.5000 4.59 
264 752.3114605 -383.3882701 1.016 0.976 151.53 1.5000 4.58 
265 418.2018608 -141.1054326 1.029 0.935 160.70 1.5000 4.63 
266 46.6950060 -214.7237235 1.043 0.872 105.44 1.5000 4.69 
267 887.3165004 -498.2228928 1.013 0.983 149.17 1.5000 4.60 
268 469.3801967 -478.9714229 1.021 0.968 133.33 1.5000 4.61 
269 -360.2623806 -169.8070926 1.031 0.915 25.50 1.5000 4.67 
270 -1183.3925167 -33.2855361 1.010 0.985 0.21 1.5000 4.62 
271 668.0845087 -115.9197929 1.020 0.964 169.45 1.5000 4.63 
272 1003.5165910 471.8348432 1.011 0.984 26.72 1.5000 4.62 
273 1204.8868593 18.6133168 1.010 0.986 0.67 1.5000 4.62 
274 547.9312135 158.0943357 1.024 0.952 17.25 1.5000 4.65 
275 432.5320809 571.9924292 1.020 0.971 55.10 1.5000 4.63 
276 -531.3269983 -422.3915709 1.021 0.964 40.54 1.5000 4.64 
277 -6.6560276 -625.3446282 1.024 0.966 91.25 1.5000 4.64 
278 -833.6948289 -423.0602547 1.014 0.977 28.01 1.5000 4.63 
279 104.9771129 -630.9230997 1.023 0.967 100.59 1.5000 4.64 
280 725.9027496 -102.7695633 1.019 0.968 171.29 1.5000 4.65 
281 -490.0557553 161.0702813 1.027 0.947 157.99 1.5000 4.67 
282 97.1186607 -308.5067312 1.039 0.917 109.14 1.5000 4.69 
283 -1017.5401740 -559.1986555 1.011 0.985 30.05 1.5000 4.65 
284 -460.8743762 -578.5952394 1.019 0.970 54.15 1.5000 4.66 
285 -898.3725661 568.6827218 1.012 0.984 144.58 1.5000 4.65 
286 -73.3346828 -564.5168872 1.026 0.960 84.97 1.5000 4.68 
287 771.3464905 50.4675344 1.017 0.970 3.91 1.5000 4.68 
288 -656.7368874 -534.0206715 1.016 0.975 41.21 1.5000 4.67 
289 -1094.3724004 -448.9581009 1.010 0.985 22.99 1.5000 4.67 
290 -611.2334565 429.9098898 1.019 0.972 141.35 1.5000 4.68 
291 74.2281813 447.9767417 1.032 0.947 81.34 1.5000 4.70 
292 171.7247254 -280.2995915 1.038 0.918 122.15 1.5000 4.73 
293 748.6606491 -424.4200025 1.016 0.977 148.96 1.5000 4.68 
294 519.0765314 518.1952585 1.019 0.971 47.21 1.5000 4.69 
295 -678.9317333 -42.9131451 1.020 0.961 1.88 1.5000 4.70 
296 7.6455800 -519.9143441 1.028 0.955 92.84 1.5000 4.70 
297 -356.5753823 -379.6611112 1.027 0.948 49.37 1.5000 4.71 
298 471.3127786 -501.1362434 1.021 0.970 132.18 1.5000 4.70 
299 1190.1277882 117.8903357 1.010 0.986 5.80 1.5000 4.70 
300 -720.1821915 119.5930967 1.019 0.967 167.68 1.5000 4.71 
301 -126.3606483 -554.4910526 1.026 0.959 79.80 1.5000 4.72 
302 -308.5590909 -214.6030389 1.032 0.912 36.17 1.5000 4.77 
303 1412.3983845 -57.1000295 1.008 0.989 177.23 1.5000 4.72 
304 598.8977015 -397.4107516 1.020 0.970 145.02 1.5000 4.73 
305 144.4991880 -113.5460060 1.038 0.836 143.14 1.5000 4.87 
306 145.0841984 -310.3439790 1.038 0.923 116.05 1.5000 4.78 
307 -183.5845035 -606.5013529 1.023 0.965 75.83 1.5000 4.76 
308 -324.3913848 95.8941046 1.034 0.907 159.25 1.5000 4.81 
309 716.0382163 -603.3251795 1.014 0.981 138.49 1.5000 4.75 
310 1410.3033159 19.9723119 1.008 0.989 0.57 1.5000 4.75 
311 721.5549903 122.2211020 1.018 0.967 10.25 1.5000 4.77 
312 -709.9008818 324.9321970 1.018 0.973 151.90 1.5000 4.76 
313 281.6424972 599.8348351 1.022 0.968 66.65 1.5000 4.77 
314 -41.6045033 276.8869852 1.043 0.905 97.55 1.5000 4.83 
315 -556.0319735 15.5988377 1.024 0.948 175.87 1.5000 4.80 
316 -449.3662163 -360.9683240 1.025 0.953 40.81 1.5000 4.79 
317 475.5183524 72.8650870 1.027 0.938 9.44 1.5000 4.80 
318 -500.6102505 -303.6217297 1.024 0.952 32.59 1.5000 4.80 
319 118.8390444 -350.0842797 1.036 0.930 110.03 1.5000 4.81 
320 387.0358301 -488.6018211 1.023 0.965 127.63 1.5000 4.78 
321 794.8462543 -29.1624243 1.017 0.971 177.61 1.5000 4.79 
322 -373.5966111 -339.0735347 1.028 0.944 44.49 1.5000 4.81 
323 -82.4558538 -538.8570885 1.027 0.957 83.79 1.5000 4.80 
324 -953.4103488 -468.7654008 1.012 0.982 27.23 1.5000 4.79 
325 697.0259840 160.4567842 1.019 0.966 13.86 1.5000 4.80 
326 263.0361210 482.4115563 1.026 0.958 63.30 1.5000 4.81 
327 443.9062617 392.7581658 1.024 0.959 43.70 1.5000 4.81 
328 -951.3710210 423.8459472 1.012 0.983 152.90 1.5000 4.80 
329 392.5714597 197.6101336 1.029 0.933 28.39 1.5000 4.85 
330 229.0992310 -169.3211445 1.038 0.896 143.57 1.5000 4.88 
331 -814.5077318 229.7538507 1.016 0.975 161.14 1.5000 4.82 
332 405.9397834 -459.6883476 1.024 0.964 130.56 1.5000 4.82 
333 -1298.7710278 31.6560252 1.009 0.987 177.03 1.5000 4.82 
334 -513.1695843 310.2719689 1.024 0.961 144.99 1.5000 4.84 
335 1400.1954531 -16.8204107 1.008 0.989 178.97 1.5000 4.83 
336 -386.0887169 -142.3992419 1.030 0.917 19.92 1.5000 4.89 
337 362.1861962 331.2785308 1.028 0.947 44.57 1.5000 4.87 
338 869.1449124 263.4412267 1.014 0.977 17.96 1.5000 4.85 
339 -323.1703415 28.4592975 1.034 0.894 171.33 1.5000 4.94 
340 880.5492319 404.5650271 1.013 0.980 26.25 1.5000 4.87 
341 -989.1680322 137.2420242 1.013 0.980 169.70 1.5000 4.87 
342 -924.6839947 12.8953217 1.014 0.977 177.32 1.5000 4.87 
343 138.2108441 -93.4553678 1.036 0.818 147.40 1.5000 5.04 
344 -1291.1666963 209.8052345 1.009 0.988 168.62 1.5000 4.87 
345 676.9212135 -152.6155891 1.020 0.966 166.41 1.5000 4.89 
346 -328.9893946 -519.2465393 1.024 0.961 60.55 1.5000 4.90 
347 -671.4802421 337.3628799 1.019 0.971 149.75 1.5000 4.90 
348 -240.1927137 90.4766225 1.038 0.875 154.46 1.5000 4.99 
349 -379.3596298 -25.1581222 1.031 0.909 1.31 1.5000 4.96 
350 -781.9899315 -119.3310439 1.017 0.969 7.66 1.5000 4.91 
351 -725.1184904 -79.4383967 1.019 0.965 4.88 1.5000 4.92 
352 -880.7857299 -552.1085081 1.013 0.982 33.63 1.5000 4.90 
353 1123.8936396 -257.8294137 1.011 0.985 166.01 1.5000 4.90 
354 -439.5828515 353.7722336 1.025 0.958 137.43 1.5000 4.93 
355 1047.3505031 252.8076173 1.012 0.983 14.36 1.5000 4.92 
356 -1161.9103275 -231.0638870 1.010 0.985 10.82 1.5000 4.93 
357 618.2677631 555.5254817 1.016 0.976 44.16 1.5000 4.94 
358 -44.5843088 63.9185389 1.012 0.708 119.59 1.5000 5.29 
359 -581.6330185 -156.8546409 1.023 0.952 14.59 1.5000 4.97 
360 1266.1507980 -12.9163571 1.009 0.987 179.09 1.5000 4.94 
361 -1396.5914620 132.2463306 1.008 0.989 172.78 1.5000 4.95 
362 -466.1713746 382.2261137 1.024 0.962 136.99 1.5000 4.96 
363 991.2437282 -324.8433730 1.012 0.983 160.57 1.5000 4.96 
364 -210.9409827 -181.1271727 1.037 0.875 42.41 1.5000 5.06 
365 -56.9813341 427.6562744 1.033 0.944 96.92 1.5000 4.99 
366 -989.8374066 85.5825769 1.013 0.980 172.88 1.5000 4.97 
367 -1320.5015473 282.9809260 1.009 0.989 165.62 1.5000 4.97 
368 35.5340933 -272.2027060 1.042 0.899 100.23 1.5000 5.05 
369 200.1647249 -468.1267404 1.029 0.954 113.57 1.5000 5.00 
370 -224.4967089 353.8037562 1.033 0.941 119.51 1.5000 5.02 
371 465.9150450 -46.6390233 1.028 0.937 174.15 1.5000 5.04 
372 583.0716013 596.0078038 1.016 0.976 47.87 1.5000 5.01 
373 -1044.5637280 173.0559300 1.012 0.982 168.16 1.5000 5.01 
374 183.7395538 -397.1110666 1.032 0.944 115.36 1.5000 5.03 
375 1102.2551706 351.8267780 1.010 0.985 18.76 1.5000 5.01 
376 -1240.4520152 364.0532952 1.009 0.988 161.10 1.5000 5.01 
377 -325.7622425 -358.6577344 1.029 0.942 50.37 1.5000 5.06 
378 420.0840115 -30.2761665 1.029 0.927 175.93 1.5000 5.08 
379 263.4327447 -337.5894349 1.032 0.941 127.72 1.5000 5.07 
380 -925.7650807 -60.7649063 1.014 0.977 2.34 1.5000 5.05 
381 801.6926780 -7.2622824 1.017 0.972 179.30 1.5000 5.05 
382 -1123.0480285 -118.6395305 1.011 0.983 5.03 1.5000 5.05 
383 -571.0172762 -45.8261810 1.024 0.949 2.77 1.5000 5.08 
384 -542.6527854 -197.6368567 1.024 0.949 20.07 1.5000 5.08 
385 439.0840713 -366.3121399 1.025 0.959 139.04 1.5000 5.07 
386 -424.4158541 116.8358596 1.030 0.933 160.74 1.5000 5.09 
387 -830.1040831 -243.7355715 1.016 0.973 16.31 1.5000 5.07 
388 346.1878254 184.6309019 1.032 0.923 29.73 1.5000 5.12 
389 303.6304227 550.0827198 1.023 0.965 63.06 1.5000 5.08 
390 524428.5258472 -209.6143700 1.000 1.000 0.00 1.5000 5.07 
391 432.3093269 450.4823908 1.023 0.963 48.42 1.5000 5.09 
392 1015.1758886 57.6444247 1.013 0.981 3.26 1.5000 5.08 
393 110.1097484 -477.5832850 1.030 0.952 104.20 1.5000 5.10 
394 -505.0952057 -11.1208830 1.026 0.939 178.92 1.5000 5.11 
395 -496.4580919 -602.5575248 1.018 0.973 53.15 1.5000 5.09 
396 -34.5394761 -200.3814681 1.043 0.855 84.73 1.5000 5.21 
397 635.1194808 323.5312791 1.019 0.967 28.77 1.5000 5.11 
398 803.7701483 69.1902749 1.017 0.972 5.16 1.5000 5.10 
399 94.1933149 506.0357435 1.028 0.956 80.34 1.5000 5.12 
400 -291.7009138 364.1862702 1.031 0.948 125.43 1.5000 5.13 
401 784.6061472 -293.7542951 1.016 0.975 158.15 1.5000 5.12 
402 336.8597139 489.6374235 1.024 0.961 57.59 1.5000 5.13 
403 -595.1503955 -593.1669514 1.017 0.975 47.31 1.5000 5.13 
404 -478.7511079 104.3431627 1.027 0.941 164.14 1.5000 5.16 
405 -182.6088927 -260.1812402 1.037 0.902 58.00 1.5000 5.19 
406 -29.8182295 -313.5767095 1.040 0.912 87.75 1.5000 5.18 
407 399.3693301 -241.6472227 1.029 0.943 147.86 1.5000 5.16 
408 1413.1750464 155.5640164 1.008 0.989 6.43 1.5000 5.13 
409 75.9430492 -529.3541450 1.028 0.957 99.61 1.5000 5.16 
410 836.1451823 502.6863285 1.013 0.981 32.89 1.5000 5.15 
411 396.8799507 -414.0721807 1.025 0.960 132.86 1.5000 5.17 
412 -236.6520635 -201.3194013 1.036 0.890 42.19 1.5000 5.25 
413 359.0979712 -299.9381971 1.029 0.945 139.27 1.5000 5.19 
414 -1030.5953150 -409.4463828 1.011 0.983 22.29 1.5000 5.17 
415 -732.4584209 144.5966192 1.019 0.969 165.84 1.5000 5.18 
416 1301.8727229 -208.4329023 1.009 0.988 170.04 1.5000 5.17 
417 499.4348041 -575.8065745 1.019 0.974 129.92 1.5000 5.18 
418 895.6106998 300.7012998 1.014 0.979 19.76 1.5000 5.18 
419 -964.5631905 -259.2661938 1.013 0.979 14.93 1.5000 5.19 
420 556.5641322 -445.6653114 1.020 0.970 139.98 1.5000 5.19 
421 -29.5675724 -180.1213929 1.042 0.838 85.60 1.5000 5.34 
422 896.2848295 132.6385749 1.014 0.977 8.88 1.5000 5.22 
423 -129.4769881 -262.3992730 1.039 0.896 67.26 1.5000 5.29 
424 -1091.3224409 118.1036845 1.012 0.983 171.67 1.5000 5.22 
425 928.1633728 -387.4726904 1.013 0.982 155.92 1.5000 5.22 
426 102.2866434 154.4022338 1.043 0.837 57.54 1.5000 5.36 
427 -480.4414165 -152.4165722 1.026 0.938 17.21 1.5000 5.27 
428 -913.1714314 -367.6569404 1.013 0.979 22.55 1.5000 5.25 
429 980.6073679 122.1775145 1.013 0.980 7.43 1.5000 5.25 
430 -794.6493032 278.4209467 1.016 0.975 157.43 1.5000 5.25 
431 -479.0382214 451.0047950 1.022 0.967 133.32 1.5000 5.26 
432 -1010.2306660 -62.9111259 1.013 0.980 2.21 1.5000 5.26 
433 248.6827933 -308.3681481 1.034 0.934 128.73 1.5000 5.29 
434 -701.9308658 -459.0488715 1.017 0.974 34.84 1.5000 5.26 
435 1178.1214059 232.1426734 1.010 0.986 11.71 1.5000 5.26 
436 537.9430912 -80.4629162 1.025 0.949 171.05 1.5000 5.29 
437 12.8928177 33.2240898 0.933 0.512 67.90 1.5000 6.07 
438 1131.0830809 180.7220681 1.011 0.984 9.50 1.5000 5.27 
439 11.2534174 63.9996937 1.003 0.655 79.61 1.5000 5.74 
440 684.3571914 530.3835966 1.015 0.977 39.91 1.5000 5.29 
441 -268.5150469 -268.5157792 1.033 0.918 47.37 1.5000 5.34 
442 581.2234760 190.5728617 1.022 0.957 19.43 1.5000 5.31 
443 -278.7982170 -544.2066674 1.024 0.962 65.80 1.5000 5.31 
444 112.7715595 -276.1363433 1.040 0.909 113.74 1.5000 5.36 
445 889.8659395 526.3540224 1.012 0.982 32.44 1.5000 5.31 
446 567.3351636 -190.9231785 1.023 0.958 160.38 1.5000 5.33 
447 -1184.8327449 302.2372184 1.010 0.987 163.16 1.5000 5.32 
448 6.5307762 279.4691180 1.043 0.904 88.52 1.5000 5.38 
449 -249.8330969 268.7391107 1.036 0.928 129.17 1.5000 5.37 
450 324.2631916 244.9883987 1.032 0.929 38.99 1.5000 5.38 
451 -880.5898592 -302.8098543 1.014 0.977 19.26 1.5000 5.35 
452 338.5409809 -278.3722324 1.031 0.940 139.80 1.5000 5.38 
453 714.7292647 212.4250327 1.018 0.968 17.69 1.5000 5.36 
454 -727.7069674 301.6162790 1.018 0.973 154.04 1.5000 5.36 
455 668.0031673 129.7852819 1.020 0.963 11.76 1.5000 5.37 
456 188.5836033 43.4626898 1.036 0.821 13.97 1.5000 5.53 
457 1233.6064247 257.5899919 1.009 0.987 12.39 1.5000 5.36 
458 -350.0842229 159.3553354 1.033 0.925 151.20 1.5000 5.40 
459 704.5908279 -175.6092494 1.019 0.968 165.02 1.5000 5.37 
460 792.8253763 -333.2560080 1.016 0.977 155.80 1.5000 5.37 
461 -628.8365280 538.6268291 1.017 0.977 136.17 1.5000 5.37 
462 -1254.0700358 -17.7600263 1.010 0.986 179.39 1.5000 5.37 
463 -756.0089523 -350.9319270 1.017 0.972 25.78 1.5000 5.38 
464 -990.9245356 -380.7023930 1.012 0.982 21.56 1.5000 5.38 
465 -644.4766462 -74.3488910 1.021 0.958 5.13 1.5000 5.41 
466 451.9347027 151.0188481 1.027 0.938 19.78 1.5000 5.43 
467 524226.0563297 209.3493137 1.000 1.000 0.00 1.5000 5.39 
468 -1108.7268656 185.3976233 1.011 0.984 168.14 1.5000 5.40 
469 -293.6290401 -381.9566480 1.029 0.943 55.31 1.5000 5.43 
470 -597.2726565 320.6774535 1.021 0.967 148.05 1.5000 5.42 
471 -66.5569563 100.2937241 1.036 0.785 119.10 1.5000 5.64 
472 -527.8826770 -555.8885184 1.019 0.971 48.99 1.5000 5.43 
473 -1056.9709367 -324.0235354 1.011 0.983 17.19 1.5000 5.43 
474 -879.6033687 457.2040171 1.013 0.982 149.33 1.5000 5.43 
475 -1396.5154621 316.3529745 1.008 0.990 165.00 1.5000 5.45 
476 1060.5886740 -113.2765972 1.012 0.983 173.23 1.5000 5.46 
477 1438.4523743 -294.4799611 1.007 0.990 167.45 1.5000 5.46 
478 1174.4755241 -253.5467530 1.010 0.986 166.78 1.5000 5.48 
479 524294.5738357 146.8387291 1.000 1.000 0.00 1.5000 5.48 
480 -99.6954526 415.5449727 1.033 0.944 102.28 1.5000 5.52 
481 701.3893629 -517.2703416 1.016 0.978 142.13 1.5000 5.51 
482 668.5186099 -419.6401666 1.018 0.974 146.42 1.5000 5.53 
483 984.6313316 239.5356529 1.013 0.981 14.49 1.5000 5.56 
484 -378.9961771 132.7283145 1.032 0.926 156.55 1.5000 5.61 
485 529.5533844 441.3357064 1.020 0.967 42.01 1.5000 5.60 
486 -600.5988828 186.8019252 1.022 0.960 159.18 1.5000 5.60 
487 -778.3275277 -327.9005317 1.016 0.973 23.51 1.5000 5.60 
488 586.0809104 -362.9541378 1.020 0.968 146.84 1.5000 5.60 
489 -667.9839478 211.6754972 1.020 0.966 158.99 1.5000 5.61 
490 -521.6938836 257.8430982 1.024 0.958 149.82 1.5000 5.62 
491 -693.0643722 -245.3102446 1.019 0.965 19.70 1.5000 5.62 
492 428.1808140 341.3819020 1.025 0.953 40.69 1.5000 5.64 
493 -645.4465617 85.9765219 1.021 0.960 169.53 1.5000 5.65 
494 166.3766097 289.2431360 1.038 0.917 61.70 1.5000 5.72 
495 524267.3083333 -36.8145180 1.000 1.000 0.00 1.5000 5.67 
496 -1245.0119595 -291.7329310 1.009 0.987 12.99 1.5000 5.68 
497 479.2138250 -113.1282949 1.027 0.943 166.13 1.5000 5.73 
498 546.2148339 116.7622906 1.024 0.950 12.97 1.5000 5.73 
499 -871.6994013 76.5185956 1.015 0.975 172.66 1.5000 5.71 
500 -93.0575531 -502.6287799 1.029 0.953 82.17 1.5000 5.73 
501 -1134.5867876 254.1038061 1.011 0.985 164.86 1.5000 5.73 
502 -553.9763740 135.8163264 1.024 0.953 162.75 1.5000 5.76 
503 -529.3939041 459.9076398 1.020 0.970 135.58 1.5000 5.75 
504 -20.8838343 216.0607506 1.046 0.874 94.63 1.5000 5.86 
505 -677.4458284 15.3211363 1.020 0.961 176.44 1.5000 5.79 
506 -1053.9661984 -199.2364754 1.012 0.982 10.16 1.5000 5.81 
