1917.6666	1991.1666	31.025919
1906.3181	1993.9546	5.2867159
2162.1667	2081.1667	2.6731233
1952.5	        1554.5	       0.23502346
1942.25		1738.75	       0.51732537
3940		3266	       0.21300967
1948.5		1840.1666	1.1309428
2024.1666	1848.9445	1.3615636
2136.8999	1949.1		0.78304042
1948.5		1840.1666	1.1309428
2024.1666	1848.9445	1.3615636
2136.8999	1949.1		0.78304042
1948.5		1840.1666	1.1309428
2024.1666	1848.9445	1.3615636
2136.8999	1949.1		0.78304042
1409		2310.5		1.2024603
280		3957.5		1.0246338
2373		2232.5		1.2031174
208.5		3454		1.0218283
9.5		1141		1.0109466
2027		3566		1.0470053
1630.3334	2152.6667	1.6076494
1392		1213.5		1.0539936
