#REFERENCE 3 39.9711520 -1.5822620
81    1.25   -0.62   7.65   5.86 -101.366    0.26  30.272 800.000  596.5 0.375   0.00 1 0
81    1.52   27.26  32.85  23.92 -96.080    0.31 123.482 800.000 1315.7 0.375   0.00 2 1
81   -0.01    0.02  11.30   8.33 -81.900    0.30   0.138  42.993  153.9 0.375  18.49 3 2
81    7.92   -9.76   4.13   3.17  25.700    0.26   0.062  16.359  111.8 0.375  20.22 4 3
81    5.90   37.24  10.48   8.56 -33.400    0.20   0.147  44.179  197.1 0.375  18.35 8463 4
81   27.18    4.36   8.76   7.09 -86.900    0.21   0.122  36.577  179.3 0.375  18.76 5961 5
81  -48.82   26.69   7.56   6.77 -35.300    0.11   0.116  34.931  175.2 0.375  18.86 7841 6
81  -33.02   50.40   6.90   6.58 -36.700    0.05   0.113  33.979  172.8 0.375  18.92 9444 7
81   34.01   63.05   9.58   6.46  73.700    0.37   0.111  33.359  171.3 0.375  18.96 10488 8
81  -22.69   60.71   6.88   6.23  76.600    0.10   0.107  32.152  168.1 0.375  19.04 10678 9
81  -39.98   36.24   9.53   5.81 -87.200    0.46   0.100  30.006  162.4 0.375  19.19 8325 10
81   19.27   36.48  16.34   5.58   1.100    0.79   0.096  28.788  159.1 0.375  19.28 9538 11
81   19.45  -25.41   7.93   5.55 -49.200    0.34   0.096  28.656  158.7 0.375  19.29 3674 12
81  -16.04  -12.80   6.98   5.55 -45.900    0.23   0.096  28.656  158.7 0.375  19.29 4835 13
81    8.82   74.39   6.63   5.53  -5.200    0.18   0.095  28.524  158.4 0.375  19.30 12265 14
81  -16.76   67.23   5.68   5.33  15.100    0.06   0.092  27.492  155.5 0.375  19.38 11034 15
81   23.22   74.40   7.14   5.30  44.000    0.29   0.091  27.366  155.1 0.375  19.39 11764 16
81    8.10   12.81   7.25   5.18  -3.900    0.32   0.089  26.743  153.3 0.375  19.44 7479 17
81  -47.43   21.19   5.58   5.16  74.100    0.08   0.089  26.620  153.0 0.375  19.45 7302 18
81    6.96   30.97   7.23   5.06  37.900    0.34   0.087  26.134  151.6 0.375  19.49 8396 19
81    6.38  -39.13   7.46   5.04  72.800    0.37   0.087  26.014  151.2 0.375  19.50 3352 20
81   29.28   59.31   8.75   4.66  41.000    0.56   0.080  24.055  145.4 0.375  19.67 10680 21
81    8.99   72.36   9.39   4.64  -2.700    0.61   0.080  23.945  145.1 0.375  19.68 12186 22
81    6.27   -5.54   6.77   4.60 -16.800    0.37   0.079  23.725  144.4 0.375  19.70 6203 23
81    2.67   46.71   6.86   4.60 -89.800    0.38   0.079  23.725  144.4 0.375  19.70 9458 24
81   12.40   54.80   6.36   3.18  20.000    0.60   0.055  16.414  120.1 0.375  20.50 20000 25
81   11.22  -33.55   4.73   4.43  39.800    0.07   0.076  22.867  141.8 0.375  19.78 3612 26
81  -23.50   15.46   5.40   4.31 -61.800    0.22   0.074  22.244  139.8 0.375  19.84 6622 27
81   13.03  -15.66   8.50   4.29 -62.400    0.59   0.074  22.142  139.5 0.375  19.85 4920 28
81  -35.94   34.12   4.59   4.27  78.600    0.07   0.073  22.040  139.2 0.375  19.86 8592 29
81   22.59   39.26  10.68   4.25 -20.700    0.73   0.073  21.939  138.9 0.375  19.87 9647 30
81   10.58   27.23   8.30   4.17 -26.100    0.60   0.072  21.538  137.6 0.375  19.91 8659 31
81   -0.94    0.44   5.62   3.98   7.800    0.33   0.069  20.569  134.5 0.375  20.01 6890 32
81  -21.98   20.89   6.08   3.97  -8.600    0.40   0.068  20.474  134.2 0.375  20.02 7878 33
81  -34.43   10.15   7.86   3.93 -37.900    0.60   0.068  20.287  133.6 0.375  20.04 6937 34
81  -21.34    1.26   6.28   3.89  56.400    0.45   0.067  20.101  132.9 0.375  20.06 6525 35
81  -48.72   56.16  10.20   3.89  77.500    0.75   0.067  20.101  132.9 0.375  20.06 10558 36
81  -24.50    2.93  12.30   3.88  47.200    0.82   0.067  20.008  132.6 0.375  20.07 5812 37
81    0.79  -16.74   4.59   3.80  32.800    0.19   0.065  19.643  131.4 0.375  20.11 5141 38
81  -25.32   28.40  10.44   3.77   9.000    0.77   0.065  19.463  130.8 0.375  20.13 8455 39
81  -20.50   -9.07   6.40   3.75  19.600    0.49   0.065  19.374  130.5 0.375  20.14 4813 40
81   21.35  -13.55   8.06   3.75 -22.500    0.64   0.065  19.374  130.5 0.375  20.14 5222 41
81   25.29  -32.22   4.23   3.68   4.600    0.14   0.063  19.020  129.3 0.375  20.18 3839 42
81   35.89   73.78   4.61   3.68   8.200    0.22   0.063  19.020  129.3 0.375  20.18 12347 43
81   -3.67   -7.44   6.95   3.63 -22.200    0.57   0.063  18.759  128.4 0.375  20.21 5540 44
81  -13.72   19.36   4.27   3.62  -1.900    0.16   0.062  18.673  128.1 0.375  20.22 7750 45
81    1.70   34.45   5.56   3.60 -61.800    0.41   0.062  18.587  127.8 0.375  20.23 8906 46
81   35.76  -40.12   8.01   3.55 -53.700    0.67   0.061  18.332  127.0 0.375  20.26 3547 47
81  -32.57   64.59   4.01   3.55 -22.500    0.12   0.061  18.332  127.0 0.375  20.26 11584 48
81   25.40   35.28   3.83   3.53 -20.300    0.08   0.061  18.248  126.7 0.375  20.27 9019 49
81   -3.28  -25.40   5.40   3.52 -32.200    0.40   0.061  18.164  126.4 0.375  20.28 3833 50
81   22.94   23.92   4.53   3.38 -46.700    0.29   0.058  17.427  123.8 0.375  20.37 8096 51
81   14.04  -17.68   8.41   3.36  77.600    0.72   0.058  17.347  123.5 0.375  20.38 4328 52
81   21.61   22.45   3.28   3.22  86.400    0.02   0.055  16.642  121.0 0.375  20.47 7509 53
81  -10.73   32.41   4.55   3.19  11.900    0.34   0.055  16.490  120.4 0.375  20.49 9253 54
81   -0.99   -1.35   4.32   3.09 -70.300    0.32   0.053  15.967  118.5 0.375  20.56 6589 55
81  -37.66   40.97   4.62   2.97  52.400    0.42   0.051  15.318  116.1 0.375  20.65 9938 56
81    2.65   -5.49   3.67   2.93  -5.100    0.22   0.050  15.108  115.3 0.375  20.68 6382 57
81   24.14    7.09   4.53   2.93  49.400    0.41   0.050  15.108  115.3 0.375  20.68 7136 58
81   24.00  -29.14   4.12   2.82  77.800    0.36   0.049  14.562  113.2 0.375  20.76 4544 59
81   11.74   23.81   3.00   2.82  76.900    0.06   0.049  14.562  113.2 0.375  20.76 8527 60
81  -43.93   65.55   8.40   2.79 -62.900    0.80   0.048  14.428  112.6 0.375  20.78 11710 61
81   -2.83  -43.44   4.51   2.64 -14.400    0.49   0.046  13.653  109.6 0.375  20.90 3419 62
81   -6.47   19.30   3.17   2.62 -37.000    0.19   0.045  13.527  109.1 0.375  20.92 7820 63
81   37.15   36.88   3.95   2.61  19.600    0.39   0.045  13.465  108.8 0.375  20.93 9563 64
81  -49.93  -26.76   4.25   2.58  12.100    0.46   0.044  13.342  108.3 0.375  20.95 4770 65
81   12.21   -7.87   3.25   2.57  10.900    0.23   0.044  13.280  108.1 0.375  20.96 6015 66
81  -37.39   13.14   3.12   2.57  -9.000    0.19   0.044  13.280  108.1 0.375  20.96 7788 67
81    3.03   26.55   2.58   2.55 -22.900    0.01   0.044  13.159  107.6 0.375  20.98 8604 68
81   -1.72   26.89   4.02   2.54 -80.300    0.43   0.044  13.098  107.3 0.375  20.99 8712 69
81   14.37   45.09   3.30   2.50  -4.000    0.27   0.043  12.919  106.6 0.375  21.02 10271 70
81    2.81   64.80   3.73   2.50 -87.100    0.38   0.043  12.919  106.6 0.375  21.02 11782 71
81   37.96   63.37   6.47   2.41  46.200    0.76   0.042  12.451  104.6 0.375  21.10 11718 72
81   -4.12   -8.35   2.64   2.39  52.900    0.10   0.041  12.337  104.1 0.375  21.12 6368 73
81   22.85   40.53   6.62   2.39  51.300    0.77   0.041  12.337  104.1 0.375  21.12 9995 74
81  -15.45   55.84   3.82   2.31   9.900    0.46   0.040  11.946  102.5 0.375  21.19 11238 75
81  -31.23    8.81   2.71   2.30 -42.500    0.16   0.040  11.891  102.2 0.375  21.20 7167 76
81   22.82   65.67   2.43   2.27 -23.900    0.07   0.039  11.728  101.5 0.375  21.23 11771 77
81    1.56   -8.50   6.16   2.25  40.700    0.76   0.039  11.620  101.1 0.375  21.25 5617 78
81    0.84   58.34   2.53   2.23 -21.200    0.13   0.038  11.514  100.6 0.375  21.27 11192 79
81    2.76   61.00   2.38   2.14 -11.900    0.10   0.037  11.046   98.6 0.375  21.36 11628 80
81  -16.35   22.81   2.23   2.13   9.100    0.05   0.037  10.995   98.3 0.375  21.37 8598 81
81    5.19   68.40   2.53   2.13 -81.700    0.17   0.037  10.995   98.3 0.375  21.37 12155 82
81  -24.07   32.37   2.18   2.03   0.100    0.07   0.035  10.501   96.1 0.375  21.47 9414 83
81  -31.41   -0.13   2.18   2.02 -30.700    0.08   0.035  10.404   95.6 0.375  21.49 6558 84
81   -8.95    4.95   2.22   2.01  55.300    0.10   0.035  10.356   95.4 0.375  21.50 7033 85
81   24.95  -29.39   2.03   2.00 -72.600    0.02   0.034  10.309   95.2 0.375  21.51 4695 86
81  -13.90  -20.44   3.42   2.00  44.400    0.49   0.034  10.309   95.2 0.375  21.51 5249 87
81    7.04  -26.54   4.72   1.93  -9.700    0.71   0.033   9.982   93.7 0.375  21.58 4830 88
81   -3.79   -8.46   2.49   1.93  86.600    0.25   0.033   9.982   93.7 0.375  21.58 6385 89
81   -3.13    0.01   2.98   1.93  -7.300    0.41   0.033   9.982   93.7 0.375  21.58 6772 90
81   19.84   40.31   3.30   1.88  83.500    0.51   0.032   9.710   92.4 0.375  21.64 9960 91
81   -3.15   49.72   2.54   1.84 -59.600    0.31   0.032   9.489   91.3 0.375  21.69 10794 92
81  -22.26   29.08   2.84   1.81  59.100    0.42   0.031   9.359   90.7 0.375  21.72 9043 93
81   19.50  -26.43   1.96   1.78  81.600    0.10   0.031   9.188   89.9 0.375  21.76 4970 94
81   27.14   60.38   5.37   1.76 -35.700    0.81   0.030   9.104   89.5 0.375  21.78 11625 95
81   -1.78  -13.77   2.01   1.73 -57.200    0.15   0.030   8.937   88.6 0.375  21.82 5770 96
81  -20.06   79.83   2.57   1.72 -63.800    0.38   0.030   8.855   88.2 0.375  21.84 13223 97
81  -22.03  -28.83   2.90   1.62  47.300    0.52   0.028   8.379   85.8 0.375  21.96 4760 98
